C:\Users\user\Anaconda3\envs\ml37\python.exe C:/Users/user/PycharmProject/BStoSG/root/main.py
guess count: [1175   50    0  195    0    0    0    0   21    0   44 1631    0  531
  164    0    0    0    0    0    0    0    0    0    0    0    0    0
    0    0    0    0    0    0    0    0    0    0    0    0    0    0
    0    0    0    0    0    0    0    0    0    0    0    0    0    0
    0    0    0    0    0 1147  874    0   21    0    0    0    0    0
    0    0    0  195    0    0    0    0    0    0    0  101    0    0
    0    0    0    0    0    0    0    0    0    0    0    0    0    0
    0    0    0    0    0    0    0    0    0    0    0    0    0    0
    0    0    0    0    0    0    0    0    0    0    0    0    0    0
   50    0  663    0    0    0    0    0    0    0    0    0  986  142
   34    0    0    0    0    0    0    0    0    0    0    0    0    0
    0    0    0    0    0    0    0    0    0   13    0  818    0    0
    0    0    0    0    0    0    0    0    0    0    0    0    0    0
    0    0    0    0    0    0    0    0    0    0    0 1570    0    0
    0    0    0    0    0    0    0    0    0    0    0    0    0    0
    0    0    0    0    0    0    0    0    0    0  415    0    0    0
 1038    0  110    0    0    0] 11988
actual count: [552 558   0 113 189   0   0 194 110   0 224 923   0 425 467   0   0   0
   0   0   0   0   0   0   0   0   0   0   0   0 108   0   0   0   0 136
   0   0   0   0   0   0   0   0   0   0   0   0   0   0   0   0   0   0
   0   0   0   0 101   0   0 917 633   0 132   0   0   0   0   0   0   0
   0 204   0   0   0   0   0   0   0 111   0   0   0   0   0   0   0   0
   0   0   0   0   0   0   0   0   0   0   0   0   0   0   0   0   0   0
   0   0   0   0   0   0   0   0   0   0   0   0   0 132 138   0   0   0
 185   0 278   0   0   0   0   0   0 131   0   0 608 220 196   0   0   0
   0   0   0 279   0   0   0   0   0   0   0   0   0   0   0 106   0   0
   0 217   0 443   0   0   0   0   0   0   0   0   0   0   0   0   0   0
   0   0   0   0   0 110   0   0 293   0 108   0 123 742   0   0   0   0
   0   0   0   0   0   0   0   0   0   0   0   0   0   0   0   0   0   0
   0   0   0   0 422   0   0   0 877   0 283   0   0   0] 11988
guess correct: [531  25   0  35   0   0   0   0   5   0  27 836   0 317  81   0   0   0
   0   0   0   0   0   0   0   0   0   0   0   0   0   0   0   0   0   0
   0   0   0   0   0   0   0   0   0   0   0   0   0   0   0   0   0   0
   0   0   0   0   0   0   0 910 624   0  12   0   0   0   0   0   0   0
   0 192   0   0   0   0   0   0   0  21   0   0   0   0   0   0   0   0
   0   0   0   0   0   0   0   0   0   0   0   0   0   0   0   0   0   0
   0   0   0   0   0   0   0   0   0   0   0   0   0   0   0   0   0   0
  22   0 267   0   0   0   0   0   0   0   0   0 557  58  26   0   0   0
   0   0   0   0   0   0   0   0   0   0   0   0   0   0   0   0   0   0
   0  10   0 437   0   0   0   0   0   0   0   0   0   0   0   0   0   0
   0   0   0   0   0   0   0   0   0   0   0   0   0 734   0   0   0   0
   0   0   0   0   0   0   0   0   0   0   0   0   0   0   0   0   0   0
   0   0   0   0 415   0   0   0 855   0  93   0   0   0] 7090
correct percentage in guess: 59.14247580914247
TP: [531  25   0  35   0   0   0   0   5   0  27 836   0 317  81   0   0   0
   0   0   0   0   0   0   0   0   0   0   0   0   0   0   0   0   0   0
   0   0   0   0   0   0   0   0   0   0   0   0   0   0   0   0   0   0
   0   0   0   0   0   0   0 910 624   0  12   0   0   0   0   0   0   0
   0 192   0   0   0   0   0   0   0  21   0   0   0   0   0   0   0   0
   0   0   0   0   0   0   0   0   0   0   0   0   0   0   0   0   0   0
   0   0   0   0   0   0   0   0   0   0   0   0   0   0   0   0   0   0
  22   0 267   0   0   0   0   0   0   0   0   0 557  58  26   0   0   0
   0   0   0   0   0   0   0   0   0   0   0   0   0   0   0   0   0   0
   0  10   0 437   0   0   0   0   0   0   0   0   0   0   0   0   0   0
   0   0   0   0   0   0   0   0   0   0   0   0   0 734   0   0   0   0
   0   0   0   0   0   0   0   0   0   0   0   0   0   0   0   0   0   0
   0   0   0   0 415   0   0   0 855   0  93   0   0   0]
TN: [10792 11405 11988 11715 11799 11988 11988 11794 11862 11988 11747 10270
 11988 11349 11438 11988 11988 11988 11988 11988 11988 11988 11988 11988
 11988 11988 11988 11988 11988 11988 11880 11988 11988 11988 11988 11852
 11988 11988 11988 11988 11988 11988 11988 11988 11988 11988 11988 11988
 11988 11988 11988 11988 11988 11988 11988 11988 11988 11988 11887 11988
 11988 10834 11105 11988 11847 11988 11988 11988 11988 11988 11988 11988
 11988 11781 11988 11988 11988 11988 11988 11988 11988 11797 11988 11988
 11988 11988 11988 11988 11988 11988 11988 11988 11988 11988 11988 11988
 11988 11988 11988 11988 11988 11988 11988 11988 11988 11988 11988 11988
 11988 11988 11988 11988 11988 11988 11988 11988 11988 11988 11988 11988
 11988 11856 11850 11988 11988 11988 11775 11988 11314 11988 11988 11988
 11988 11988 11988 11857 11988 11988 10951 11684 11784 11988 11988 11988
 11988 11988 11988 11709 11988 11988 11988 11988 11988 11988 11988 11988
 11988 11988 11988 11882 11988 11988 11988 11768 11988 11164 11988 11988
 11988 11988 11988 11988 11988 11988 11988 11988 11988 11988 11988 11988
 11988 11988 11988 11988 11988 11878 11988 11988 11695 11988 11880 11988
 11865 10410 11988 11988 11988 11988 11988 11988 11988 11988 11988 11988
 11988 11988 11988 11988 11988 11988 11988 11988 11988 11988 11988 11988
 11988 11988 11988 11988 11566 11988 11988 11988 10928 11988 11688 11988
 11988 11988]
FP: [644  25   0 160   0   0   0   0  16   0  17 795   0 214  83   0   0   0
   0   0   0   0   0   0   0   0   0   0   0   0   0   0   0   0   0   0
   0   0   0   0   0   0   0   0   0   0   0   0   0   0   0   0   0   0
   0   0   0   0   0   0   0 237 250   0   9   0   0   0   0   0   0   0
   0   3   0   0   0   0   0   0   0  80   0   0   0   0   0   0   0   0
   0   0   0   0   0   0   0   0   0   0   0   0   0   0   0   0   0   0
   0   0   0   0   0   0   0   0   0   0   0   0   0   0   0   0   0   0
  28   0 396   0   0   0   0   0   0   0   0   0 429  84   8   0   0   0
   0   0   0   0   0   0   0   0   0   0   0   0   0   0   0   0   0   0
   0   3   0 381   0   0   0   0   0   0   0   0   0   0   0   0   0   0
   0   0   0   0   0   0   0   0   0   0   0   0   0 836   0   0   0   0
   0   0   0   0   0   0   0   0   0   0   0   0   0   0   0   0   0   0
   0   0   0   0   0   0   0   0 183   0  17   0   0   0]
FN: [ 21 533   0  78 189   0   0 194 105   0 197  87   0 108 386   0   0   0
   0   0   0   0   0   0   0   0   0   0   0   0 108   0   0   0   0 136
   0   0   0   0   0   0   0   0   0   0   0   0   0   0   0   0   0   0
   0   0   0   0 101   0   0   7   9   0 120   0   0   0   0   0   0   0
   0  12   0   0   0   0   0   0   0  90   0   0   0   0   0   0   0   0
   0   0   0   0   0   0   0   0   0   0   0   0   0   0   0   0   0   0
   0   0   0   0   0   0   0   0   0   0   0   0   0 132 138   0   0   0
 163   0  11   0   0   0   0   0   0 131   0   0  51 162 170   0   0   0
   0   0   0 279   0   0   0   0   0   0   0   0   0   0   0 106   0   0
   0 207   0   6   0   0   0   0   0   0   0   0   0   0   0   0   0   0
   0   0   0   0   0 110   0   0 293   0 108   0 123   8   0   0   0   0
   0   0   0   0   0   0   0   0   0   0   0   0   0   0   0   0   0   0
   0   0   0   0   7   0   0   0  22   0 190   0   0   0]
crystal system 1

bandstructure to crystal system result
guess count: [1347] 1347
actual count: [1110] 1110
guess correct: [1110] 1110
correct percentage in guess: 82.40534521158129
TP: [1110]
TN: None
FP: [237]
FN: [0]

crystal to spacegroup system result
guess count: [1175   50] 1225
actual count: [552 558] 1110
guess correct: [531  25] 556
correct percentage in guess: 45.38775510204081
TP: [531  25]
TN: [-86 527]
FP: [644  25]
FN: [ 21 533]


crystal system 2

bandstructure to crystal system result
guess count: [3050] 3050
actual count: [2645] 2645
guess correct: [2502] 2502
correct percentage in guess: 82.0327868852459
TP: [2502]
TN: None
FP: [548]
FN: [143]

crystal to spacegroup system result
guess count: [   0  195    0    0    0    0   21    0   44 1631    0  531  164] 2586
actual count: [  0 113 189   0   0 194 110   0 224 923   0 425 467] 2645
guess correct: [  0  35   0   0   0   0   5   0  27 836   0 317  81] 1301
correct percentage in guess: 50.309358081979894
TP: [  0  35   0   0   0   0   5   0  27 836   0 317  81]
TN: [2645 2372 2456 2645 2645 2451 2519 2645 2404  927 2645 2006 2095]
FP: [  0 160   0   0   0   0  16   0  17 795   0 214  83]
FN: [  0  78 189   0   0 194 105   0 197  87   0 108 386]


crystal system 3

bandstructure to crystal system result
guess count: [3598] 3598
actual count: [2231] 2231
guess correct: [2196] 2196
correct percentage in guess: 61.033907726514734
TP: [2196]
TN: None
FP: [1402]
FN: [35]

crystal to spacegroup system result
guess count: [   0    0    0    0    0    0    0    0    0    0    0    0    0    0
    0    0    0    0    0    0    0    0    0    0    0    0    0    0
    0    0    0    0    0    0    0    0    0    0    0    0    0    0
    0    0    0    0 1147  874    0   21    0    0    0    0    0    0
    0    0  195] 2237
actual count: [  0   0   0   0   0   0   0   0   0   0   0   0   0   0   0 108   0   0
   0   0 136   0   0   0   0   0   0   0   0   0   0   0   0   0   0   0
   0   0   0   0   0   0   0 101   0   0 917 633   0 132   0   0   0   0
   0   0   0   0 204] 2231
guess correct: [  0   0   0   0   0   0   0   0   0   0   0   0   0   0   0   0   0   0
   0   0   0   0   0   0   0   0   0   0   0   0   0   0   0   0   0   0
   0   0   0   0   0   0   0   0   0   0 910 624   0  12   0   0   0   0
   0   0   0   0 192] 1738
correct percentage in guess: 77.69333929369692
TP: [  0   0   0   0   0   0   0   0   0   0   0   0   0   0   0   0   0   0
   0   0   0   0   0   0   0   0   0   0   0   0   0   0   0   0   0   0
   0   0   0   0   0   0   0   0   0   0 910 624   0  12   0   0   0   0
   0   0   0   0 192]
TN: [2231 2231 2231 2231 2231 2231 2231 2231 2231 2231 2231 2231 2231 2231
 2231 2123 2231 2231 2231 2231 2095 2231 2231 2231 2231 2231 2231 2231
 2231 2231 2231 2231 2231 2231 2231 2231 2231 2231 2231 2231 2231 2231
 2231 2130 2231 2231 1077 1348 2231 2090 2231 2231 2231 2231 2231 2231
 2231 2231 2024]
FP: [  0   0   0   0   0   0   0   0   0   0   0   0   0   0   0   0   0   0
   0   0   0   0   0   0   0   0   0   0   0   0   0   0   0   0   0   0
   0   0   0   0   0   0   0   0   0   0 237 250   0   9   0   0   0   0
   0   0   0   0   3]
FN: [  0   0   0   0   0   0   0   0   0   0   0   0   0   0   0 108   0   0
   0   0 136   0   0   0   0   0   0   0   0   0   0   0   0   0   0   0
   0   0   0   0   0   0   0 101   0   0   7   9   0 120   0   0   0   0
   0   0   0   0  12]


crystal system 4

bandstructure to crystal system result
guess count: [3646] 3646
actual count: [1999] 1999
guess correct: [1977] 1977
correct percentage in guess: 54.223806911684036
TP: [1977]
TN: None
FP: [1669]
FN: [22]

crystal to spacegroup system result
guess count: [  0   0   0   0   0   0   0 101   0   0   0   0   0   0   0   0   0   0
   0   0   0   0   0   0   0   0   0   0   0   0   0   0   0   0   0   0
   0   0   0   0   0   0   0   0   0   0   0   0   0   0   0   0  50   0
 663   0   0   0   0   0   0   0   0   0 986 142  34   0] 1976
actual count: [  0   0   0   0   0   0   0 111   0   0   0   0   0   0   0   0   0   0
   0   0   0   0   0   0   0   0   0   0   0   0   0   0   0   0   0   0
   0   0   0   0   0   0   0   0   0   0   0 132 138   0   0   0 185   0
 278   0   0   0   0   0   0 131   0   0 608 220 196   0] 1999
guess correct: [  0   0   0   0   0   0   0  21   0   0   0   0   0   0   0   0   0   0
   0   0   0   0   0   0   0   0   0   0   0   0   0   0   0   0   0   0
   0   0   0   0   0   0   0   0   0   0   0   0   0   0   0   0  22   0
 267   0   0   0   0   0   0   0   0   0 557  58  26   0] 951
correct percentage in guess: 48.127530364372475
TP: [  0   0   0   0   0   0   0  21   0   0   0   0   0   0   0   0   0   0
   0   0   0   0   0   0   0   0   0   0   0   0   0   0   0   0   0   0
   0   0   0   0   0   0   0   0   0   0   0   0   0   0   0   0  22   0
 267   0   0   0   0   0   0   0   0   0 557  58  26   0]
TN: [1999 1999 1999 1999 1999 1999 1999 1808 1999 1999 1999 1999 1999 1999
 1999 1999 1999 1999 1999 1999 1999 1999 1999 1999 1999 1999 1999 1999
 1999 1999 1999 1999 1999 1999 1999 1999 1999 1999 1999 1999 1999 1999
 1999 1999 1999 1999 1999 1867 1861 1999 1999 1999 1786 1999 1325 1999
 1999 1999 1999 1999 1999 1868 1999 1999  962 1695 1795 1999]
FP: [  0   0   0   0   0   0   0  80   0   0   0   0   0   0   0   0   0   0
   0   0   0   0   0   0   0   0   0   0   0   0   0   0   0   0   0   0
   0   0   0   0   0   0   0   0   0   0   0   0   0   0   0   0  28   0
 396   0   0   0   0   0   0   0   0   0 429  84   8   0]
FN: [  0   0   0   0   0   0   0  90   0   0   0   0   0   0   0   0   0   0
   0   0   0   0   0   0   0   0   0   0   0   0   0   0   0   0   0   0
   0   0   0   0   0   0   0   0   0   0   0 132 138   0   0   0 163   0
  11   0   0   0   0   0   0 131   0   0  51 162 170   0]


crystal system 5

bandstructure to crystal system result
guess count: [1333] 1333
actual count: [1045] 1045
guess correct: [816] 816
correct percentage in guess: 61.21530382595649
TP: [816]
TN: None
FP: [517]
FN: [229]

crystal to spacegroup system result
guess count: [  0   0   0   0   0   0   0   0   0   0   0   0   0   0   0   0   0   0
   0   0   0  13   0 818   0] 831
actual count: [  0   0   0   0   0 279   0   0   0   0   0   0   0   0   0   0   0 106
   0   0   0 217   0 443   0] 1045
guess correct: [  0   0   0   0   0   0   0   0   0   0   0   0   0   0   0   0   0   0
   0   0   0  10   0 437   0] 447
correct percentage in guess: 53.79061371841155
TP: [  0   0   0   0   0   0   0   0   0   0   0   0   0   0   0   0   0   0
   0   0   0  10   0 437   0]
TN: [1045 1045 1045 1045 1045  766 1045 1045 1045 1045 1045 1045 1045 1045
 1045 1045 1045  939 1045 1045 1045  825 1045  221 1045]
FP: [  0   0   0   0   0   0   0   0   0   0   0   0   0   0   0   0   0   0
   0   0   0   3   0 381   0]
FN: [  0   0   0   0   0 279   0   0   0   0   0   0   0   0   0   0   0 106
   0   0   0 207   0   6   0]


crystal system 6

bandstructure to crystal system result
guess count: [2665] 2665
actual count: [1376] 1376
guess correct: [1364] 1364
correct percentage in guess: 51.18198874296436
TP: [1364]
TN: None
FP: [1301]
FN: [12]

crystal to spacegroup system result
guess count: [   0    0    0    0    0    0    0    0    0    0    0    0    0    0
    0    0    0    0    0    0    0    0    0    0    0    0 1570] 1570
actual count: [  0   0   0   0   0   0   0   0   0   0   0   0   0   0   0   0   0   0
 110   0   0 293   0 108   0 123 742] 1376
guess correct: [  0   0   0   0   0   0   0   0   0   0   0   0   0   0   0   0   0   0
   0   0   0   0   0   0   0   0 734] 734
correct percentage in guess: 46.7515923566879
TP: [  0   0   0   0   0   0   0   0   0   0   0   0   0   0   0   0   0   0
   0   0   0   0   0   0   0   0 734]
TN: [1376 1376 1376 1376 1376 1376 1376 1376 1376 1376 1376 1376 1376 1376
 1376 1376 1376 1376 1266 1376 1376 1083 1376 1268 1376 1253 -202]
FP: [  0   0   0   0   0   0   0   0   0   0   0   0   0   0   0   0   0   0
   0   0   0   0   0   0   0   0 836]
FN: [  0   0   0   0   0   0   0   0   0   0   0   0   0   0   0   0   0   0
 110   0   0 293   0 108   0 123   8]


crystal system 7

bandstructure to crystal system result
guess count: [4406] 4406
actual count: [1582] 1582
guess correct: [1557] 1557
correct percentage in guess: 35.338175215615074
TP: [1557]
TN: None
FP: [2849]
FN: [25]

crystal to spacegroup system result
guess count: [   0    0    0    0    0    0    0    0    0    0    0    0    0    0
    0    0    0    0    0    0    0    0    0    0    0    0  415    0
    0    0 1038    0  110    0    0    0] 1563
actual count: [  0   0   0   0   0   0   0   0   0   0   0   0   0   0   0   0   0   0
   0   0   0   0   0   0   0   0 422   0   0   0 877   0 283   0   0   0] 1582
guess correct: [  0   0   0   0   0   0   0   0   0   0   0   0   0   0   0   0   0   0
   0   0   0   0   0   0   0   0 415   0   0   0 855   0  93   0   0   0] 1363
correct percentage in guess: 87.2040946896993
TP: [  0   0   0   0   0   0   0   0   0   0   0   0   0   0   0   0   0   0
   0   0   0   0   0   0   0   0 415   0   0   0 855   0  93   0   0   0]
TN: [1582 1582 1582 1582 1582 1582 1582 1582 1582 1582 1582 1582 1582 1582
 1582 1582 1582 1582 1582 1582 1582 1582 1582 1582 1582 1582 1160 1582
 1582 1582  522 1582 1282 1582 1582 1582]
FP: [  0   0   0   0   0   0   0   0   0   0   0   0   0   0   0   0   0   0
   0   0   0   0   0   0   0   0   0   0   0   0 183   0  17   0   0   0]
FN: [  0   0   0   0   0   0   0   0   0   0   0   0   0   0   0   0   0   0
   0   0   0   0   0   0   0   0   7   0   0   0  22   0 190   0   0   0]



Process finished with exit code 0
