crystal system 1

bandstructure to crystal system result
guess count: [1347] 1347
actual count: [1140] 1140
guess correct: [1140] 1140
correct percentage in guess: 84.6325167037862
TP: [1140]
TN: None
FP: [207]
FN: [0]

crystal to spacegroup system result
guess count: [586 554] 1140
actual count: [573 567] 1140
guess correct: [315 296] 611
correct percentage in guess: 53.59649122807018
TP: [315 296]
TN: [296 315]
FP: [271 258]
FN: [258 271]


crystal system 2

bandstructure to crystal system result
guess count: [3050] 3050
actual count: [3152] 3152
guess correct: [2953] 2953
correct percentage in guess: 96.81967213114754
TP: [2953]
TN: None
FP: [97]
FN: [199]

crystal to spacegroup system result
guess count: [   0    0   64   11    2   16   12   44  144 1785    0  908  166] 3152
actual count: [  26  115  193   68   79  208  118   83  245 1018   79  438  482] 3152
guess correct: [  0   0  15   2   1   2   1   9  66 922   0 400  57] 1475
correct percentage in guess: 46.795685279187815
TP: [  0   0  15   2   1   2   1   9  66 922   0 400  57]
TN: [3126 3037 2910 3075 3072 2930 3023 3034 2829 1271 3073 2206 2561]
FP: [  0   0  49   9   1  14  11  35  78 863   0 508 109]
FN: [ 26 115 178  66  78 206 117  74 179  96  79  38 425]


crystal system 3

bandstructure to crystal system result
guess count: [3598] 3598
actual count: [3624] 3624
guess correct: [3538] 3538
correct percentage in guess: 98.33240689271817
TP: [3538]
TN: None
FP: [60]
FN: [86]

crystal to spacegroup system result
guess count: [   0    0    0    1    0    0    0    0    0    0    0    0    0    0
    0    3    0    0    0    0   27    0    0    1    0    1    0    8
    0    2    0   76    0    0    2    4    0    0    0    4    0   12
   60   33    0    0 1438 1300   19    0    0    0    0    7   97  139
   80    0  310] 3624
actual count: [  1   1   4  55  30  13   1   3   4  12  24   0   0  10   2 116   0  50
   4   2 142   2  84   5  29   9   8  36  61   0  17  22   0   0   0  52
   5  12   4  55   1  27  70 111  30   8 958 748  61 162  10  16   5  15
  61 159  98   0 209] 3624
guess correct: [  0   0   0   1   0   0   0   0   0   0   0   0   0   0   0   1   0   0
   0   0   2   0   0   0   0   0   0   0   0   0   0   9   0   0   0   1
   0   0   0   0   0   1  20  11   0   0 918 733   2   0   0   0   0   3
  44  85  30   0 174] 2035
correct percentage in guess: 56.15342163355408
TP: [  0   0   0   1   0   0   0   0   0   0   0   0   0   0   0   1   0   0
   0   0   2   0   0   0   0   0   0   0   0   0   0   9   0   0   0   1
   0   0   0   0   0   1  20  11   0   0 918 733   2   0   0   0   0   3
  44  85  30   0 174]
TN: [3623 3623 3620 3569 3594 3611 3623 3621 3620 3612 3600 3624 3624 3614
 3622 3506 3624 3574 3620 3622 3457 3622 3540 3618 3595 3614 3616 3580
 3563 3622 3607 3535 3624 3624 3622 3569 3619 3612 3620 3565 3623 3586
 3514 3491 3594 3616 2146 2309 3546 3462 3614 3608 3619 3605 3510 3411
 3476 3624 3279]
FP: [  0   0   0   0   0   0   0   0   0   0   0   0   0   0   0   2   0   0
   0   0  25   0   0   1   0   1   0   8   0   2   0  67   0   0   2   3
   0   0   0   4   0  11  40  22   0   0 520 567  17   0   0   0   0   4
  53  54  50   0 136]
FN: [  1   1   4  54  30  13   1   3   4  12  24   0   0  10   2 115   0  50
   4   2 140   2  84   5  29   9   8  36  61   0  17  13   0   0   0  51
   5  12   4  55   1  26  50 100  30   8  40  15  59 162  10  16   5  12
  17  74  68   0  35]


crystal system 4

bandstructure to crystal system result
guess count: [3646] 3646
actual count: [3627] 3627
guess correct: [3583] 3583
correct percentage in guess: 98.27207899067471
TP: [3583]
TN: None
FP: [63]
FN: [44]

crystal to spacegroup system result
guess count: [   0    1    0    0   15    0    0    0    0   10    0    0   16  106
    0    0    0    0    0    0    0    0    0    0    0    0    0    0
    0    0    0    0    0    0    2    0    0    0    0    0    0    0
    0    0    0    0    0    0    4    0    0    0  442    5  809    0
    1    0    0    1    0    4    0    2 2054  125   30    0] 3627
actual count: [   0    4    0    0    7    0    1  118    2   10    9    5   88   95
    0    0    0   14    0    2    0    3    7    4   17    2    0    8
    0    0    2    0   40    4   35    0   10    2   25    6   18    4
    0    1   60    1   85  147  236    6   12    0  192   10  462    1
   29    9    0    1    1  152   18    5 1188  243  224    2] 3627
guess correct: [   0    0    0    0    2    0    0    0    0    1    0    0    3    5
    0    0    0    0    0    0    0    0    0    0    0    0    0    0
    0    0    0    0    0    0    0    0    0    0    0    0    0    0
    0    0    0    0    0    0    3    0    0    0   88    1  402    0
    0    0    0    0    0    0    0    0 1133   59    9    0] 1706
correct percentage in guess: 47.03611800385994
TP: [   0    0    0    0    2    0    0    0    0    1    0    0    3    5
    0    0    0    0    0    0    0    0    0    0    0    0    0    0
    0    0    0    0    0    0    0    0    0    0    0    0    0    0
    0    0    0    0    0    0    3    0    0    0   88    1  402    0
    0    0    0    0    0    0    0    0 1133   59    9    0]
TN: [3627 3622 3627 3627 3607 3627 3626 3509 3625 3608 3618 3622 3526 3431
 3627 3627 3627 3613 3627 3625 3627 3624 3620 3623 3610 3625 3627 3619
 3627 3627 3625 3627 3587 3623 3590 3627 3617 3625 3602 3621 3609 3623
 3627 3626 3567 3626 3542 3480 3390 3621 3615 3627 3081 3613 2758 3626
 3597 3618 3627 3625 3626 3471 3609 3620 1518 3318 3382 3625]
FP: [  0   1   0   0  13   0   0   0   0   9   0   0  13 101   0   0   0   0
   0   0   0   0   0   0   0   0   0   0   0   0   0   0   0   0   2   0
   0   0   0   0   0   0   0   0   0   0   0   0   1   0   0   0 354   4
 407   0   1   0   0   1   0   4   0   2 921  66  21   0]
FN: [  0   4   0   0   5   0   1 118   2   9   9   5  85  90   0   0   0  14
   0   2   0   3   7   4  17   2   0   8   0   0   2   0  40   4  35   0
  10   2  25   6  18   4   0   1  60   1  85 147 233   6  12   0 104   9
  60   1  29   9   0   1   1 152  18   5  55 184 215   2]


crystal system 5

bandstructure to crystal system result
guess count: [1333] 1333
actual count: [1954] 1954
guess correct: [1318] 1318
correct percentage in guess: 98.87471867966991
TP: [1318]
TN: None
FP: [15]
FN: [636]

crystal to spacegroup system result
guess count: [   0    0    0    0    0  318    0    0    0   26    0    0    0    0
    0    0    0    0    0    0    0  599    0 1008    3] 1954
actual count: [  7   1   1  55  25 285   8   9   0  25   0   6  30  55   5   0   3 139
  33  53  37 384   0 700  93] 1954
guess correct: [  0   0   0   0   0 111   0   0   0   1   0   0   0   0   0   0   0   0
   0   0   0 371   0 616   0] 1099
correct percentage in guess: 56.243602865916074
TP: [  0   0   0   0   0 111   0   0   0   1   0   0   0   0   0   0   0   0
   0   0   0 371   0 616   0]
TN: [1947 1953 1953 1899 1929 1462 1946 1945 1954 1904 1954 1948 1924 1899
 1949 1954 1951 1815 1921 1901 1917 1342 1954  862 1858]
FP: [  0   0   0   0   0 207   0   0   0  25   0   0   0   0   0   0   0   0
   0   0   0 228   0 392   3]
FN: [  7   1   1  55  25 174   8   9   0  24   0   6  30  55   5   0   3 139
  33  53  37  13   0  84  93]


crystal system 6

bandstructure to crystal system result
guess count: [2665] 2665
actual count: [2076] 2076
guess correct: [2057] 2057
correct percentage in guess: 77.18574108818011
TP: [2057]
TN: None
FP: [608]
FN: [19]

crystal to spacegroup system result
guess count: [   0    0    0    0    0    4    0    0    0    0    0    0    7    0
    0    0    0    0    0    0    0    0    4   63    0  119 1879] 2076
actual count: [  0   0   0   0   0  14  17   0  72   0   0   0  20   2  15   1   0   1
 165  59   1 306  12 278   0 123 990] 2076
guess correct: [  0   0   0   0   0   3   0   0   0   0   0   0   0   0   0   0   0   0
   0   0   0   0   0  24   0  51 913] 991
correct percentage in guess: 47.73603082851638
TP: [  0   0   0   0   0   3   0   0   0   0   0   0   0   0   0   0   0   0
   0   0   0   0   0  24   0  51 913]
TN: [2076 2076 2076 2076 2076 2061 2059 2076 2004 2076 2076 2076 2049 2074
 2061 2075 2076 2075 1911 2017 2075 1770 2060 1759 2076 1885  120]
FP: [  0   0   0   0   0   1   0   0   0   0   0   0   7   0   0   0   0   0
   0   0   0   0   4  39   0  68 966]
FN: [  0   0   0   0   0  11  17   0  72   0   0   0  20   2  15   1   0   1
 165  59   1 306  12 254   0  72  77]


crystal system 7

bandstructure to crystal system result
guess count: [4406] 4406
actual count: [4472] 4472
guess correct: [4404] 4404
correct percentage in guess: 99.95460735360872
TP: [4404]
TN: None
FP: [2]
FN: [68]

crystal to spacegroup system result
guess count: [   0    0    0  131    0    0    0    0    0    1    6    0    0    0
    0    0    0    0    0    0    0    4    0    0    0  117 1116    0
    2    0 3034    0    5    0   56    0] 4472
actual count: [   0    0    0   56   11    4    0    0    0   54   54    2    0    1
    0    0    0    2    3    0   33  410   15    2    0   67  999    0
   78   22 2222    0  396    0   41    0] 4472
guess correct: [   0    0    0   23    0    0    0    0    0    0    0    0    0    0
    0    0    0    0    0    0    0    1    0    0    0   53  982    0
    0    0 2208    0    3    0    9    0] 3279
correct percentage in guess: 73.32289803220036
TP: [   0    0    0   23    0    0    0    0    0    0    0    0    0    0
    0    0    0    0    0    0    0    1    0    0    0   53  982    0
    0    0 2208    0    3    0    9    0]
TN: [4472 4472 4472 4308 4461 4468 4472 4472 4472 4417 4412 4470 4472 4471
 4472 4472 4472 4470 4469 4472 4439 4059 4457 4470 4472 4341 3339 4472
 4392 4450 1424 4472 4074 4472 4384 4472]
FP: [  0   0   0 108   0   0   0   0   0   1   6   0   0   0   0   0   0   0
   0   0   0   3   0   0   0  64 134   0   2   0 826   0   2   0  47   0]
FN: [  0   0   0  33  11   4   0   0   0  54  54   2   0   1   0   0   0   2
   3   0  33 409  15   2   0  14  17   0  78  22  14   0 393   0  32   0]
