guess count: [1131    9    0  182   39    0    0    4    5   14  129 1950   34  791
    4    0    0    0    0    0    0    0    0    0    0    0    0    0
    0    0    0    0    0    0    0    0    0   38    0   18    0    0
    0    6    0    0    0    0    0    0    0    0    0    0    0    0
    1    6   40    0    0 1595 1268    0    1    0    0    0    3  121
  145    0    0  382    0    0    0    0    0    0    0    0    0    0
    0    0  148   40    0    0    0    0    0    0    0    0    0    0
    0    0    0    0    0    0    0    0    0    0    0    0    0    0
    0    0    0    0    0    0    0    0    0    0   38    0    0    0
  562    0  669    0    0    0    0    0    0    4    0    0 2145   21
    0    0    1    0    0    0    0  249    0    0    0    0    0    0
    0    0    3    0    0    0    0    0    0  604    0 1097    0    0
    0    0    0    0    0    0    0    0    0    0    0    0    0    0
    0    0    0    0    0    0    0    0    5    0    0 2071    0    0
    0   18    0    0    0    0    0   23    0    7    0    0    0    0
    0    0    0    0    5   54    0    0    0  141 1049    0  153   29
 2743    0  247    0    3    0] 20045
actual count: [ 573  567   26  115  193   68   79  208  118   83  245 1018   79  438
  482    1    1    4   55   30   13    1    3    4   12   24    0    0
   10    2  116    0   50    4    2  142    2   84    5   29    9    8
   36   61    0   17   22    0    0    0   52    5   12    4   55    1
   27   70  111   30    8  958  748   61  162   10   16    5   15   61
  159   98    0  209    0    4    0    0    7    0    1  118    2   10
    9    5   88   95    0    0    0   14    0    2    0    3    7    4
   17    2    0    8    0    0    2    0   40    4   35    0   10    2
   25    6   18    4    0    1   60    1   85  147  236    6   12    0
  192   10  462    1   29    9    0    1    1  152   18    5 1188  243
  224    2    7    1    1   55   25  285    8    9    0   25    0    6
   30   55    5    0    3  139   33   53   37  384    0  700   93    0
    0    0    0    0   14   17    0   72    0    0    0   20    2   15
    1    0    1  165   59    1  306   12  278    0  123  990    0    0
    0   56   11    4    0    0    0   54   54    2    0    1    0    0
    0    2    3    0   33  410   15    2    0   67  999    0   78   22
 2222    0  396    0   41    0] 20045
guess correct: [ 571    7    0   18    5    0    0    1    1    4   64  985    1  367
    2    0    0    0    0    0    0    0    0    0    0    0    0    0
    0    0    0    0    0    0    0    0    0   21    0    8    0    0
    0    3    0    0    0    0    0    0    0    0    0    0    0    0
    0    0    6    0    0  951  740    0    0    0    0    0    1   51
   85    0    0  177    0    0    0    0    0    0    0    0    0    0
    0    0   23   12    0    0    0    0    0    0    0    0    0    0
    0    0    0    0    0    0    0    0    0    0    0    0    0    0
    0    0    0    0    0    0    0    0    0    0   13    0    0    0
  137    0  368    0    0    0    0    0    0    2    0    0 1161   12
    0    0    0    0    0    0    0   77    0    0    0    0    0    0
    0    0    1    0    0    0    0    0    0  378    0  638    0    0
    0    0    0    0    0    0    0    0    0    0    0    0    0    0
    0    0    0    0    0    0    0    0    2    0    0  989    0    0
    0    3    0    0    0    0    0   16    0    2    0    0    0    0
    0    0    0    0    3   13    0    0    0   65  959    0   47    4
 2162    0  156    0    2    0] 11314
correct percentage in guess: 56.44300324270392
TP: [ 571    7    0   18    5    0    0    1    1    4   64  985    1  367
    2    0    0    0    0    0    0    0    0    0    0    0    0    0
    0    0    0    0    0    0    0    0    0   21    0    8    0    0
    0    3    0    0    0    0    0    0    0    0    0    0    0    0
    0    0    6    0    0  951  740    0    0    0    0    0    1   51
   85    0    0  177    0    0    0    0    0    0    0    0    0    0
    0    0   23   12    0    0    0    0    0    0    0    0    0    0
    0    0    0    0    0    0    0    0    0    0    0    0    0    0
    0    0    0    0    0    0    0    0    0    0   13    0    0    0
  137    0  368    0    0    0    0    0    0    2    0    0 1161   12
    0    0    0    0    0    0    0   77    0    0    0    0    0    0
    0    0    1    0    0    0    0    0    0  378    0  638    0    0
    0    0    0    0    0    0    0    0    0    0    0    0    0    0
    0    0    0    0    0    0    0    0    2    0    0  989    0    0
    0    3    0    0    0    0    0   16    0    2    0    0    0    0
    0    0    0    0    3   13    0    0    0   65  959    0   47    4
 2162    0  156    0    2    0]
TN: [18912 19476 20019 19766 19818 19977 19966 19834 19923 19952 19735 18062
 19933 19183 19561 20044 20044 20041 19990 20015 20032 20044 20042 20041
 20033 20021 20045 20045 20035 20043 19929 20045 19995 20041 20043 19903
 20043 19944 20040 20006 20036 20037 20009 19981 20045 20028 20023 20045
 20045 20045 19993 20040 20033 20041 19990 20044 20017 19969 19900 20015
 20037 18443 18769 19984 19882 20035 20029 20040 20028 19914 19826 19947
 20045 19631 20045 20041 20045 20045 20038 20045 20044 19927 20043 20035
 20036 20040 19832 19922 20045 20045 20045 20031 20045 20043 20045 20042
 20038 20041 20028 20043 20045 20037 20045 20045 20043 20045 20005 20041
 20010 20045 20035 20043 20020 20039 20027 20041 20045 20044 19985 20044
 19960 19898 19784 20039 20033 20045 19428 20035 19282 20044 20016 20036
 20045 20044 20044 19891 20027 20040 17873 19793 19821 20043 20037 20044
 20044 19990 20020 19588 20037 20036 20045 20020 20045 20039 20015 19990
 20038 20045 20042 19906 20012 19992 20008 19435 20045 18886 19952 20045
 20045 20045 20045 20045 20031 20028 20045 19973 20045 20045 20045 20025
 20043 20030 20044 20045 20044 19880 19986 20044 19739 20033 19764 20045
 19922 17973 20045 20045 20045 19974 20034 20041 20045 20045 20045 19984
 19991 20038 20045 20044 20045 20045 20045 20043 20042 20045 20010 19594
 20030 20043 20045 19902 18956 20045 19861 19998 17242 20045 19558 20045
 20003 20045]
FP: [ 560    2    0  164   34    0    0    3    4   10   65  965   33  424
    2    0    0    0    0    0    0    0    0    0    0    0    0    0
    0    0    0    0    0    0    0    0    0   17    0   10    0    0
    0    3    0    0    0    0    0    0    0    0    0    0    0    0
    1    6   34    0    0  644  528    0    1    0    0    0    2   70
   60    0    0  205    0    0    0    0    0    0    0    0    0    0
    0    0  125   28    0    0    0    0    0    0    0    0    0    0
    0    0    0    0    0    0    0    0    0    0    0    0    0    0
    0    0    0    0    0    0    0    0    0    0   25    0    0    0
  425    0  301    0    0    0    0    0    0    2    0    0  984    9
    0    0    1    0    0    0    0  172    0    0    0    0    0    0
    0    0    2    0    0    0    0    0    0  226    0  459    0    0
    0    0    0    0    0    0    0    0    0    0    0    0    0    0
    0    0    0    0    0    0    0    0    3    0    0 1082    0    0
    0   15    0    0    0    0    0    7    0    5    0    0    0    0
    0    0    0    0    2   41    0    0    0   76   90    0  106   25
  581    0   91    0    1    0]
FN: [  2 560  26  97 188  68  79 207 117  79 181  33  78  71 480   1   1   4
  55  30  13   1   3   4  12  24   0   0  10   2 116   0  50   4   2 142
   2  63   5  21   9   8  36  58   0  17  22   0   0   0  52   5  12   4
  55   1  27  70 105  30   8   7   8  61 162  10  16   5  14  10  74  98
   0  32   0   4   0   0   7   0   1 118   2  10   9   5  65  83   0   0
   0  14   0   2   0   3   7   4  17   2   0   8   0   0   2   0  40   4
  35   0  10   2  25   6  18   4   0   1  60   1  85 147 223   6  12   0
  55  10  94   1  29   9   0   1   1 150  18   5  27 231 224   2   7   1
   1  55  25 208   8   9   0  25   0   6  30  55   4   0   3 139  33  53
  37   6   0  62  93   0   0   0   0   0  14  17   0  72   0   0   0  20
   2  15   1   0   1 165  59   1 306  12 276   0 123   1   0   0   0  53
  11   4   0   0   0  38  54   0   0   1   0   0   0   2   3   0  30 397
  15   2   0   2  40   0  31  18  60   0 240   0  39   0]
