C:\Users\user\Anaconda3\envs\ml37\python.exe C:/Users/user/PycharmProject/BStoSG/root/main.py
guess count: [   0 1230    0  371    0    0    0    0    0    0   18 1473    0  379
  343    0    0    0    0    0    0    0    0    0    0    0    0    0
    0    0   26    0    0    0    0    0    0    0    0    0    0    0
    0    0    0    0    0    0    0    0    0    0    0    0    0    0
    0    0  173    0    0  924  777    0  117    0    0    0    0    0
    0    0    0  194    0    0    0    0    0    0    0    7    0    0
    0    0    0    0    0    0    0    0    0    0    0    0    0    0
    0    0    0    0    0    0    0    0    0    0    0    0    0    0
    0    0    0    0    0    0    0    0    0    3  153    0    0    0
   56    0  512    0    0    0    0    0    0    0    0    0  764  189
  300    0    0    0    0    0    0  117    0    0    0    0    0    0
    0    0    0    0    0    0    0    0    0  163    0  715    0    0
    0    0    0    0    0    0    0    0    0    0    0    0    0    0
    0    0    0   23    0    0  477    0   10    0  123  783    0    0
    0    0    0    0    0    0    0    0    0    0    0    0    0    0
    0    0    0    0    0    0    0    0    0    0  421    0    0    0
  799    0  348    0    0    0] 11988
actual count: [552 558   0 113 189   0   0 194 110   0 224 923   0 425 467   0   0   0
   0   0   0   0   0   0   0   0   0   0   0   0 108   0   0   0   0 136
   0   0   0   0   0   0   0   0   0   0   0   0   0   0   0   0   0   0
   0   0   0   0 101   0   0 917 633   0 132   0   0   0   0   0   0   0
   0 204   0   0   0   0   0   0   0 111   0   0   0   0   0   0   0   0
   0   0   0   0   0   0   0   0   0   0   0   0   0   0   0   0   0   0
   0   0   0   0   0   0   0   0   0   0   0   0   0 132 138   0   0   0
 185   0 278   0   0   0   0   0   0 131   0   0 608 220 196   0   0   0
   0   0   0 279   0   0   0   0   0   0   0   0   0   0   0 106   0   0
   0 217   0 443   0   0   0   0   0   0   0   0   0   0   0   0   0   0
   0   0   0   0   0 110   0   0 293   0 108   0 123 742   0   0   0   0
   0   0   0   0   0   0   0   0   0   0   0   0   0   0   0   0   0   0
   0   0   0   0 422   0   0   0 877   0 283   0   0   0] 11988
guess correct: [  0 557   0  98   0   0   0   0   0   0   8 873   0 323 290   0   0   0
   0   0   0   0   0   0   0   0   0   0   0   0  18   0   0   0   0   0
   0   0   0   0   0   0   0   0   0   0   0   0   0   0   0   0   0   0
   0   0   0   0  73   0   0 893 627   0 110   0   0   0   0   0   0   0
   0 191   0   0   0   0   0   0   0   7   0   0   0   0   0   0   0   0
   0   0   0   0   0   0   0   0   0   0   0   0   0   0   0   0   0   0
   0   0   0   0   0   0   0   0   0   0   0   0   0   2 119   0   0   0
  43   0 250   0   0   0   0   0   0   0   0   0 597 180 171   0   0   0
   0   0   0  72   0   0   0   0   0   0   0   0   0   0   0   0   0   0
   0 107   0 415   0   0   0   0   0   0   0   0   0   0   0   0   0   0
   0   0   0   0   0   7   0   0 248   0   1   0 101 668   0   0   0   0
   0   0   0   0   0   0   0   0   0   0   0   0   0   0   0   0   0   0
   0   0   0   0 420   0   0   0 787   0 264   0   0   0] 8520
correct percentage in guess: 71.07107107107107
TP: [  0 557   0  98   0   0   0   0   0   0   8 873   0 323 290   0   0   0
   0   0   0   0   0   0   0   0   0   0   0   0  18   0   0   0   0   0
   0   0   0   0   0   0   0   0   0   0   0   0   0   0   0   0   0   0
   0   0   0   0  73   0   0 893 627   0 110   0   0   0   0   0   0   0
   0 191   0   0   0   0   0   0   0   7   0   0   0   0   0   0   0   0
   0   0   0   0   0   0   0   0   0   0   0   0   0   0   0   0   0   0
   0   0   0   0   0   0   0   0   0   0   0   0   0   2 119   0   0   0
  43   0 250   0   0   0   0   0   0   0   0   0 597 180 171   0   0   0
   0   0   0  72   0   0   0   0   0   0   0   0   0   0   0   0   0   0
   0 107   0 415   0   0   0   0   0   0   0   0   0   0   0   0   0   0
   0   0   0   0   0   7   0   0 248   0   1   0 101 668   0   0   0   0
   0   0   0   0   0   0   0   0   0   0   0   0   0   0   0   0   0   0
   0   0   0   0 420   0   0   0 787   0 264   0   0   0]
TN: [11436 10757 11988 11602 11799 11988 11988 11794 11878 11988 11754 10465
 11988 11507 11468 11988 11988 11988 11988 11988 11988 11988 11988 11988
 11988 11988 11988 11988 11988 11988 11872 11988 11988 11988 11988 11852
 11988 11988 11988 11988 11988 11988 11988 11988 11988 11988 11988 11988
 11988 11988 11988 11988 11988 11988 11988 11988 11988 11988 11787 11988
 11988 11040 11205 11988 11849 11988 11988 11988 11988 11988 11988 11988
 11988 11781 11988 11988 11988 11988 11988 11988 11988 11877 11988 11988
 11988 11988 11988 11988 11988 11988 11988 11988 11988 11988 11988 11988
 11988 11988 11988 11988 11988 11988 11988 11988 11988 11988 11988 11988
 11988 11988 11988 11988 11988 11988 11988 11988 11988 11988 11988 11988
 11988 11855 11816 11988 11988 11988 11790 11988 11448 11988 11988 11988
 11988 11988 11988 11857 11988 11988 11213 11759 11663 11988 11988 11988
 11988 11988 11988 11664 11988 11988 11988 11988 11988 11988 11988 11988
 11988 11988 11988 11882 11988 11988 11988 11715 11988 11245 11988 11988
 11988 11988 11988 11988 11988 11988 11988 11988 11988 11988 11988 11988
 11988 11988 11988 11988 11988 11862 11988 11988 11466 11988 11871 11988
 11843 11131 11988 11988 11988 11988 11988 11988 11988 11988 11988 11988
 11988 11988 11988 11988 11988 11988 11988 11988 11988 11988 11988 11988
 11988 11988 11988 11988 11565 11988 11988 11988 11099 11988 11621 11988
 11988 11988]
FP: [  0 673   0 273   0   0   0   0   0   0  10 600   0  56  53   0   0   0
   0   0   0   0   0   0   0   0   0   0   0   0   8   0   0   0   0   0
   0   0   0   0   0   0   0   0   0   0   0   0   0   0   0   0   0   0
   0   0   0   0 100   0   0  31 150   0   7   0   0   0   0   0   0   0
   0   3   0   0   0   0   0   0   0   0   0   0   0   0   0   0   0   0
   0   0   0   0   0   0   0   0   0   0   0   0   0   0   0   0   0   0
   0   0   0   0   0   0   0   0   0   0   0   0   0   1  34   0   0   0
  13   0 262   0   0   0   0   0   0   0   0   0 167   9 129   0   0   0
   0   0   0  45   0   0   0   0   0   0   0   0   0   0   0   0   0   0
   0  56   0 300   0   0   0   0   0   0   0   0   0   0   0   0   0   0
   0   0   0   0   0  16   0   0 229   0   9   0  22 115   0   0   0   0
   0   0   0   0   0   0   0   0   0   0   0   0   0   0   0   0   0   0
   0   0   0   0   1   0   0   0  12   0  84   0   0   0]
FN: [552   1   0  15 189   0   0 194 110   0 216  50   0 102 177   0   0   0
   0   0   0   0   0   0   0   0   0   0   0   0  90   0   0   0   0 136
   0   0   0   0   0   0   0   0   0   0   0   0   0   0   0   0   0   0
   0   0   0   0  28   0   0  24   6   0  22   0   0   0   0   0   0   0
   0  13   0   0   0   0   0   0   0 104   0   0   0   0   0   0   0   0
   0   0   0   0   0   0   0   0   0   0   0   0   0   0   0   0   0   0
   0   0   0   0   0   0   0   0   0   0   0   0   0 130  19   0   0   0
 142   0  28   0   0   0   0   0   0 131   0   0  11  40  25   0   0   0
   0   0   0 207   0   0   0   0   0   0   0   0   0   0   0 106   0   0
   0 110   0  28   0   0   0   0   0   0   0   0   0   0   0   0   0   0
   0   0   0   0   0 103   0   0  45   0 107   0  22  74   0   0   0   0
   0   0   0   0   0   0   0   0   0   0   0   0   0   0   0   0   0   0
   0   0   0   0   2   0   0   0  90   0  19   0   0   0]
crystal system 1

bandstructure to crystal system result
guess count: [1228] 1228
actual count: [1110] 1110
guess correct: [1104] 1104
correct percentage in guess: 89.90228013029315
TP: [1104]
TN: None
FP: [124]
FN: [6]

crystal to spacegroup system result
guess count: [   0 1230] 1230
actual count: [552 558] 1110
guess correct: [  0 557] 557
correct percentage in guess: 45.28455284552846
TP: [  0 557]
TN: [ 558 -121]
FP: [  0 673]
FN: [552   1]


crystal system 2

bandstructure to crystal system result
guess count: [2548] 2548
actual count: [2645] 2645
guess correct: [2493] 2493
correct percentage in guess: 97.8414442700157
TP: [2493]
TN: None
FP: [55]
FN: [152]

crystal to spacegroup system result
guess count: [   0  371    0    0    0    0    0    0   18 1473    0  379  343] 2584
actual count: [  0 113 189   0   0 194 110   0 224 923   0 425 467] 2645
guess correct: [  0  98   0   0   0   0   0   0   8 873   0 323 290] 1592
correct percentage in guess: 61.60990712074303
TP: [  0  98   0   0   0   0   0   0   8 873   0 323 290]
TN: [2645 2259 2456 2645 2645 2451 2535 2645 2411 1122 2645 2164 2125]
FP: [  0 273   0   0   0   0   0   0  10 600   0  56  53]
FN: [  0  15 189   0   0 194 110   0 216  50   0 102 177]


crystal system 3

bandstructure to crystal system result
guess count: [2225] 2225
actual count: [2231] 2231
guess correct: [2196] 2196
correct percentage in guess: 98.69662921348315
TP: [2196]
TN: None
FP: [29]
FN: [35]

crystal to spacegroup system result
guess count: [  0   0   0   0   0   0   0   0   0   0   0   0   0   0   0  26   0   0
   0   0   0   0   0   0   0   0   0   0   0   0   0   0   0   0   0   0
   0   0   0   0   0   0   0 173   0   0 924 777   0 117   0   0   0   0
   0   0   0   0 194] 2211
actual count: [  0   0   0   0   0   0   0   0   0   0   0   0   0   0   0 108   0   0
   0   0 136   0   0   0   0   0   0   0   0   0   0   0   0   0   0   0
   0   0   0   0   0   0   0 101   0   0 917 633   0 132   0   0   0   0
   0   0   0   0 204] 2231
guess correct: [  0   0   0   0   0   0   0   0   0   0   0   0   0   0   0  18   0   0
   0   0   0   0   0   0   0   0   0   0   0   0   0   0   0   0   0   0
   0   0   0   0   0   0   0  73   0   0 893 627   0 110   0   0   0   0
   0   0   0   0 191] 1912
correct percentage in guess: 86.47670737222977
TP: [  0   0   0   0   0   0   0   0   0   0   0   0   0   0   0  18   0   0
   0   0   0   0   0   0   0   0   0   0   0   0   0   0   0   0   0   0
   0   0   0   0   0   0   0  73   0   0 893 627   0 110   0   0   0   0
   0   0   0   0 191]
TN: [2231 2231 2231 2231 2231 2231 2231 2231 2231 2231 2231 2231 2231 2231
 2231 2115 2231 2231 2231 2231 2095 2231 2231 2231 2231 2231 2231 2231
 2231 2231 2231 2231 2231 2231 2231 2231 2231 2231 2231 2231 2231 2231
 2231 2030 2231 2231 1283 1448 2231 2092 2231 2231 2231 2231 2231 2231
 2231 2231 2024]
FP: [  0   0   0   0   0   0   0   0   0   0   0   0   0   0   0   8   0   0
   0   0   0   0   0   0   0   0   0   0   0   0   0   0   0   0   0   0
   0   0   0   0   0   0   0 100   0   0  31 150   0   7   0   0   0   0
   0   0   0   0   3]
FN: [  0   0   0   0   0   0   0   0   0   0   0   0   0   0   0  90   0   0
   0   0 136   0   0   0   0   0   0   0   0   0   0   0   0   0   0   0
   0   0   0   0   0   0   0  28   0   0  24   6   0  22   0   0   0   0
   0   0   0   0  13]


crystal system 4

bandstructure to crystal system result
guess count: [2027] 2027
actual count: [1999] 1999
guess correct: [1972] 1972
correct percentage in guess: 97.28663048840652
TP: [1972]
TN: None
FP: [55]
FN: [27]

crystal to spacegroup system result
guess count: [  0   0   0   0   0   0   0   7   0   0   0   0   0   0   0   0   0   0
   0   0   0   0   0   0   0   0   0   0   0   0   0   0   0   0   0   0
   0   0   0   0   0   0   0   0   0   0   0   3 153   0   0   0  56   0
 512   0   0   0   0   0   0   0   0   0 764 189 300   0] 1984
actual count: [  0   0   0   0   0   0   0 111   0   0   0   0   0   0   0   0   0   0
   0   0   0   0   0   0   0   0   0   0   0   0   0   0   0   0   0   0
   0   0   0   0   0   0   0   0   0   0   0 132 138   0   0   0 185   0
 278   0   0   0   0   0   0 131   0   0 608 220 196   0] 1999
guess correct: [  0   0   0   0   0   0   0   7   0   0   0   0   0   0   0   0   0   0
   0   0   0   0   0   0   0   0   0   0   0   0   0   0   0   0   0   0
   0   0   0   0   0   0   0   0   0   0   0   2 119   0   0   0  43   0
 250   0   0   0   0   0   0   0   0   0 597 180 171   0] 1369
correct percentage in guess: 69.00201612903226
TP: [  0   0   0   0   0   0   0   7   0   0   0   0   0   0   0   0   0   0
   0   0   0   0   0   0   0   0   0   0   0   0   0   0   0   0   0   0
   0   0   0   0   0   0   0   0   0   0   0   2 119   0   0   0  43   0
 250   0   0   0   0   0   0   0   0   0 597 180 171   0]
TN: [1999 1999 1999 1999 1999 1999 1999 1888 1999 1999 1999 1999 1999 1999
 1999 1999 1999 1999 1999 1999 1999 1999 1999 1999 1999 1999 1999 1999
 1999 1999 1999 1999 1999 1999 1999 1999 1999 1999 1999 1999 1999 1999
 1999 1999 1999 1999 1999 1866 1827 1999 1999 1999 1801 1999 1459 1999
 1999 1999 1999 1999 1999 1868 1999 1999 1224 1770 1674 1999]
FP: [  0   0   0   0   0   0   0   0   0   0   0   0   0   0   0   0   0   0
   0   0   0   0   0   0   0   0   0   0   0   0   0   0   0   0   0   0
   0   0   0   0   0   0   0   0   0   0   0   1  34   0   0   0  13   0
 262   0   0   0   0   0   0   0   0   0 167   9 129   0]
FN: [  0   0   0   0   0   0   0 104   0   0   0   0   0   0   0   0   0   0
   0   0   0   0   0   0   0   0   0   0   0   0   0   0   0   0   0   0
   0   0   0   0   0   0   0   0   0   0   0 130  19   0   0   0 142   0
  28   0   0   0   0   0   0 131   0   0  11  40  25   0]


crystal system 5

bandstructure to crystal system result
guess count: [900] 900
actual count: [1045] 1045
guess correct: [858] 858
correct percentage in guess: 95.33333333333334
TP: [858]
TN: None
FP: [42]
FN: [187]

crystal to spacegroup system result
guess count: [  0   0   0   0   0 117   0   0   0   0   0   0   0   0   0   0   0   0
   0   0   0 163   0 715   0] 995
actual count: [  0   0   0   0   0 279   0   0   0   0   0   0   0   0   0   0   0 106
   0   0   0 217   0 443   0] 1045
guess correct: [  0   0   0   0   0  72   0   0   0   0   0   0   0   0   0   0   0   0
   0   0   0 107   0 415   0] 594
correct percentage in guess: 59.698492462311556
TP: [  0   0   0   0   0  72   0   0   0   0   0   0   0   0   0   0   0   0
   0   0   0 107   0 415   0]
TN: [1045 1045 1045 1045 1045  721 1045 1045 1045 1045 1045 1045 1045 1045
 1045 1045 1045  939 1045 1045 1045  772 1045  302 1045]
FP: [  0   0   0   0   0  45   0   0   0   0   0   0   0   0   0   0   0   0
   0   0   0  56   0 300   0]
FN: [  0   0   0   0   0 207   0   0   0   0   0   0   0   0   0   0   0 106
   0   0   0 110   0  28   0]


crystal system 6

bandstructure to crystal system result
guess count: [1492] 1492
actual count: [1376] 1376
guess correct: [1329] 1329
correct percentage in guess: 89.07506702412869
TP: [1329]
TN: None
FP: [163]
FN: [47]

crystal to spacegroup system result
guess count: [  0   0   0   0   0   0   0   0   0   0   0   0   0   0   0   0   0   0
  23   0   0 477   0  10   0 123 783] 1416
actual count: [  0   0   0   0   0   0   0   0   0   0   0   0   0   0   0   0   0   0
 110   0   0 293   0 108   0 123 742] 1376
guess correct: [  0   0   0   0   0   0   0   0   0   0   0   0   0   0   0   0   0   0
   7   0   0 248   0   1   0 101 668] 1025
correct percentage in guess: 72.38700564971752
TP: [  0   0   0   0   0   0   0   0   0   0   0   0   0   0   0   0   0   0
   7   0   0 248   0   1   0 101 668]
TN: [1376 1376 1376 1376 1376 1376 1376 1376 1376 1376 1376 1376 1376 1376
 1376 1376 1376 1376 1250 1376 1376  854 1376 1259 1376 1231  519]
FP: [  0   0   0   0   0   0   0   0   0   0   0   0   0   0   0   0   0   0
  16   0   0 229   0   9   0  22 115]
FN: [  0   0   0   0   0   0   0   0   0   0   0   0   0   0   0   0   0   0
 103   0   0  45   0 107   0  22  74]


crystal system 7

bandstructure to crystal system result
guess count: [1568] 1568
actual count: [1582] 1582
guess correct: [1565] 1565
correct percentage in guess: 99.80867346938776
TP: [1565]
TN: None
FP: [3]
FN: [17]

crystal to spacegroup system result
guess count: [  0   0   0   0   0   0   0   0   0   0   0   0   0   0   0   0   0   0
   0   0   0   0   0   0   0   0 421   0   0   0 799   0 348   0   0   0] 1568
actual count: [  0   0   0   0   0   0   0   0   0   0   0   0   0   0   0   0   0   0
   0   0   0   0   0   0   0   0 422   0   0   0 877   0 283   0   0   0] 1582
guess correct: [  0   0   0   0   0   0   0   0   0   0   0   0   0   0   0   0   0   0
   0   0   0   0   0   0   0   0 420   0   0   0 787   0 264   0   0   0] 1471
correct percentage in guess: 93.81377551020408
TP: [  0   0   0   0   0   0   0   0   0   0   0   0   0   0   0   0   0   0
   0   0   0   0   0   0   0   0 420   0   0   0 787   0 264   0   0   0]
TN: [1582 1582 1582 1582 1582 1582 1582 1582 1582 1582 1582 1582 1582 1582
 1582 1582 1582 1582 1582 1582 1582 1582 1582 1582 1582 1582 1159 1582
 1582 1582  693 1582 1215 1582 1582 1582]
FP: [ 0  0  0  0  0  0  0  0  0  0  0  0  0  0  0  0  0  0  0  0  0  0  0  0
  0  0  1  0  0  0 12  0 84  0  0  0]
FN: [ 0  0  0  0  0  0  0  0  0  0  0  0  0  0  0  0  0  0  0  0  0  0  0  0
  0  0  2  0  0  0 90  0 19  0  0  0]



Process finished with exit code 0
