C:\Users\user\Anaconda3\envs\ml37\python.exe C:/Users/user/PycharmProject/BStoSG/root/main.py
guess count: [1074   36    0    0    0    0    0    0    5    0    0 1598    0  760
  282    0    0    0    0    0    0    0    0    0    0    0    0    0
    0    0    0    0    0    0    0    0    0    0    0    0    0    0
    0    0    0    0    0    0    0    0    0    0    0    0    0    0
    0    0    2    0    0 1134  883    0    4    0    0    0    0    0
    0    0    0  208    0    0    0    0    0    0    0    0    0    0
    0    0    0    0    0    0    0    0    0    0    0    0    0    0
    0    0    0    0    0    0    0    0    0    0    0    0    0    0
    0    0    0    0    0    0    0    0    0    0   92    0    0    0
  246    0  359    0    0    0    0    0    0   31    0    0 1159   31
   81    0    0    0    0    0    0  146    0    0    0    0    0    0
    0    0    0    0    0   41    0    0    0  216    0  642    0    0
    0    0    0    0    0    0    0    0    0    0    0    0    0    0
    0    0    0    0    0    0    0    0    0    0    0 1376    0    0
    0    0    0    0    0    0    0    0    0    0    0    0    2    0
    0    0    0    0    0    0    0    0    0    0  421    0    0    0
  960    0  199    0    0    0] 11988
actual count: [552 558   0 113 189   0   0 194 110   0 224 923   0 425 467   0   0   0
   0   0   0   0   0   0   0   0   0   0   0   0 108   0   0   0   0 136
   0   0   0   0   0   0   0   0   0   0   0   0   0   0   0   0   0   0
   0   0   0   0 101   0   0 917 633   0 132   0   0   0   0   0   0   0
   0 204   0   0   0   0   0   0   0 111   0   0   0   0   0   0   0   0
   0   0   0   0   0   0   0   0   0   0   0   0   0   0   0   0   0   0
   0   0   0   0   0   0   0   0   0   0   0   0   0 132 138   0   0   0
 185   0 278   0   0   0   0   0   0 131   0   0 608 220 196   0   0   0
   0   0   0 279   0   0   0   0   0   0   0   0   0   0   0 106   0   0
   0 217   0 443   0   0   0   0   0   0   0   0   0   0   0   0   0   0
   0   0   0   0   0 110   0   0 293   0 108   0 123 742   0   0   0   0
   0   0   0   0   0   0   0   0   0   0   0   0   0   0   0   0   0   0
   0   0   0   0 422   0   0   0 877   0 283   0   0   0] 11988
guess correct: [538  22   0   0   0   0   0   0   1   0   0 808   0 425  64   0   0   0
   0   0   0   0   0   0   0   0   0   0   0   0   0   0   0   0   0   0
   0   0   0   0   0   0   0   0   0   0   0   0   0   0   0   0   0   0
   0   0   0   0   2   0   0 917 630   0   3   0   0   0   0   0   0   0
   0 202   0   0   0   0   0   0   0   0   0   0   0   0   0   0   0   0
   0   0   0   0   0   0   0   0   0   0   0   0   0   0   0   0   0   0
   0   0   0   0   0   0   0   0   0   0   0   0   0   0  40   0   0   0
 109   0 191   0   0   0   0   0   0  17   0   0 596   3  54   0   0   0
   0   0   0  85   0   0   0   0   0   0   0   0   0   0   0  13   0   0
   0 211   0 389   0   0   0   0   0   0   0   0   0   0   0   0   0   0
   0   0   0   0   0   0   0   0   0   0   0   0   0 742   0   0   0   0
   0   0   0   0   0   0   0   0   0   0   0   0   0   0   0   0   0   0
   0   0   0   0 419   0   0   0 837   0 161   0   0   0] 7479
correct percentage in guess: 62.387387387387385
TP: [538  22   0   0   0   0   0   0   1   0   0 808   0 425  64   0   0   0
   0   0   0   0   0   0   0   0   0   0   0   0   0   0   0   0   0   0
   0   0   0   0   0   0   0   0   0   0   0   0   0   0   0   0   0   0
   0   0   0   0   2   0   0 917 630   0   3   0   0   0   0   0   0   0
   0 202   0   0   0   0   0   0   0   0   0   0   0   0   0   0   0   0
   0   0   0   0   0   0   0   0   0   0   0   0   0   0   0   0   0   0
   0   0   0   0   0   0   0   0   0   0   0   0   0   0  40   0   0   0
 109   0 191   0   0   0   0   0   0  17   0   0 596   3  54   0   0   0
   0   0   0  85   0   0   0   0   0   0   0   0   0   0   0  13   0   0
   0 211   0 389   0   0   0   0   0   0   0   0   0   0   0   0   0   0
   0   0   0   0   0   0   0   0   0   0   0   0   0 742   0   0   0   0
   0   0   0   0   0   0   0   0   0   0   0   0   0   0   0   0   0   0
   0   0   0   0 419   0   0   0 837   0 161   0   0   0]
TN: [10900 11416 11988 11875 11799 11988 11988 11794 11874 11988 11764 10275
 11988 11228 11303 11988 11988 11988 11988 11988 11988 11988 11988 11988
 11988 11988 11988 11988 11988 11988 11880 11988 11988 11988 11988 11852
 11988 11988 11988 11988 11988 11988 11988 11988 11988 11988 11988 11988
 11988 11988 11988 11988 11988 11988 11988 11988 11988 11988 11887 11988
 11988 10854 11102 11988 11855 11988 11988 11988 11988 11988 11988 11988
 11988 11778 11988 11988 11988 11988 11988 11988 11988 11877 11988 11988
 11988 11988 11988 11988 11988 11988 11988 11988 11988 11988 11988 11988
 11988 11988 11988 11988 11988 11988 11988 11988 11988 11988 11988 11988
 11988 11988 11988 11988 11988 11988 11988 11988 11988 11988 11988 11988
 11988 11856 11798 11988 11988 11988 11666 11988 11542 11988 11988 11988
 11988 11988 11988 11843 11988 11988 10817 11740 11765 11988 11988 11988
 11988 11988 11988 11648 11988 11988 11988 11988 11988 11988 11988 11988
 11988 11988 11988 11854 11988 11988 11988 11766 11988 11292 11988 11988
 11988 11988 11988 11988 11988 11988 11988 11988 11988 11988 11988 11988
 11988 11988 11988 11988 11988 11878 11988 11988 11695 11988 11880 11988
 11865 10612 11988 11988 11988 11988 11988 11988 11988 11988 11988 11988
 11988 11988 11988 11988 11986 11988 11988 11988 11988 11988 11988 11988
 11988 11988 11988 11988 11564 11988 11988 11988 10988 11988 11667 11988
 11988 11988]
FP: [536  14   0   0   0   0   0   0   4   0   0 790   0 335 218   0   0   0
   0   0   0   0   0   0   0   0   0   0   0   0   0   0   0   0   0   0
   0   0   0   0   0   0   0   0   0   0   0   0   0   0   0   0   0   0
   0   0   0   0   0   0   0 217 253   0   1   0   0   0   0   0   0   0
   0   6   0   0   0   0   0   0   0   0   0   0   0   0   0   0   0   0
   0   0   0   0   0   0   0   0   0   0   0   0   0   0   0   0   0   0
   0   0   0   0   0   0   0   0   0   0   0   0   0   0  52   0   0   0
 137   0 168   0   0   0   0   0   0  14   0   0 563  28  27   0   0   0
   0   0   0  61   0   0   0   0   0   0   0   0   0   0   0  28   0   0
   0   5   0 253   0   0   0   0   0   0   0   0   0   0   0   0   0   0
   0   0   0   0   0   0   0   0   0   0   0   0   0 634   0   0   0   0
   0   0   0   0   0   0   0   0   0   0   2   0   0   0   0   0   0   0
   0   0   0   0   2   0   0   0 123   0  38   0   0   0]
FN: [ 14 536   0 113 189   0   0 194 109   0 224 115   0   0 403   0   0   0
   0   0   0   0   0   0   0   0   0   0   0   0 108   0   0   0   0 136
   0   0   0   0   0   0   0   0   0   0   0   0   0   0   0   0   0   0
   0   0   0   0  99   0   0   0   3   0 129   0   0   0   0   0   0   0
   0   2   0   0   0   0   0   0   0 111   0   0   0   0   0   0   0   0
   0   0   0   0   0   0   0   0   0   0   0   0   0   0   0   0   0   0
   0   0   0   0   0   0   0   0   0   0   0   0   0 132  98   0   0   0
  76   0  87   0   0   0   0   0   0 114   0   0  12 217 142   0   0   0
   0   0   0 194   0   0   0   0   0   0   0   0   0   0   0  93   0   0
   0   6   0  54   0   0   0   0   0   0   0   0   0   0   0   0   0   0
   0   0   0   0   0 110   0   0 293   0 108   0 123   0   0   0   0   0
   0   0   0   0   0   0   0   0   0   0   0   0   0   0   0   0   0   0
   0   0   0   0   3   0   0   0  40   0 122   0   0   0]
crystal system 1

bandstructure to crystal system result
guess count: [1228] 1228
actual count: [1110] 1110
guess correct: [1104] 1104
correct percentage in guess: 89.90228013029315
TP: [1104]
TN: None
FP: [124]
FN: [6]

crystal to spacegroup system result
guess count: [1074   36] 1110
actual count: [552 558] 1110
guess correct: [538  22] 560
correct percentage in guess: 50.45045045045045
TP: [538  22]
TN: [ 22 538]
FP: [536  14]
FN: [ 14 536]


crystal system 2

bandstructure to crystal system result
guess count: [2548] 2548
actual count: [2645] 2645
guess correct: [2493] 2493
correct percentage in guess: 97.8414442700157
TP: [2493]
TN: None
FP: [55]
FN: [152]

crystal to spacegroup system result
guess count: [   0    0    0    0    0    0    5    0    0 1598    0  760  282] 2645
actual count: [  0 113 189   0   0 194 110   0 224 923   0 425 467] 2645
guess correct: [  0   0   0   0   0   0   1   0   0 808   0 425  64] 1298
correct percentage in guess: 49.07372400756144
TP: [  0   0   0   0   0   0   1   0   0 808   0 425  64]
TN: [2645 2532 2456 2645 2645 2451 2531 2645 2421  932 2645 1885 1960]
FP: [  0   0   0   0   0   0   4   0   0 790   0 335 218]
FN: [  0 113 189   0   0 194 109   0 224 115   0   0 403]


crystal system 3

bandstructure to crystal system result
guess count: [2225] 2225
actual count: [2231] 2231
guess correct: [2196] 2196
correct percentage in guess: 98.69662921348315
TP: [2196]
TN: None
FP: [29]
FN: [35]

crystal to spacegroup system result
guess count: [   0    0    0    0    0    0    0    0    0    0    0    0    0    0
    0    0    0    0    0    0    0    0    0    0    0    0    0    0
    0    0    0    0    0    0    0    0    0    0    0    0    0    0
    0    2    0    0 1134  883    0    4    0    0    0    0    0    0
    0    0  208] 2231
actual count: [  0   0   0   0   0   0   0   0   0   0   0   0   0   0   0 108   0   0
   0   0 136   0   0   0   0   0   0   0   0   0   0   0   0   0   0   0
   0   0   0   0   0   0   0 101   0   0 917 633   0 132   0   0   0   0
   0   0   0   0 204] 2231
guess correct: [  0   0   0   0   0   0   0   0   0   0   0   0   0   0   0   0   0   0
   0   0   0   0   0   0   0   0   0   0   0   0   0   0   0   0   0   0
   0   0   0   0   0   0   0   2   0   0 917 630   0   3   0   0   0   0
   0   0   0   0 202] 1754
correct percentage in guess: 78.61945316001793
TP: [  0   0   0   0   0   0   0   0   0   0   0   0   0   0   0   0   0   0
   0   0   0   0   0   0   0   0   0   0   0   0   0   0   0   0   0   0
   0   0   0   0   0   0   0   2   0   0 917 630   0   3   0   0   0   0
   0   0   0   0 202]
TN: [2231 2231 2231 2231 2231 2231 2231 2231 2231 2231 2231 2231 2231 2231
 2231 2123 2231 2231 2231 2231 2095 2231 2231 2231 2231 2231 2231 2231
 2231 2231 2231 2231 2231 2231 2231 2231 2231 2231 2231 2231 2231 2231
 2231 2130 2231 2231 1097 1345 2231 2098 2231 2231 2231 2231 2231 2231
 2231 2231 2021]
FP: [  0   0   0   0   0   0   0   0   0   0   0   0   0   0   0   0   0   0
   0   0   0   0   0   0   0   0   0   0   0   0   0   0   0   0   0   0
   0   0   0   0   0   0   0   0   0   0 217 253   0   1   0   0   0   0
   0   0   0   0   6]
FN: [  0   0   0   0   0   0   0   0   0   0   0   0   0   0   0 108   0   0
   0   0 136   0   0   0   0   0   0   0   0   0   0   0   0   0   0   0
   0   0   0   0   0   0   0  99   0   0   0   3   0 129   0   0   0   0
   0   0   0   0   2]


crystal system 4

bandstructure to crystal system result
guess count: [2027] 2027
actual count: [1999] 1999
guess correct: [1972] 1972
correct percentage in guess: 97.28663048840652
TP: [1972]
TN: None
FP: [55]
FN: [27]

crystal to spacegroup system result
guess count: [   0    0    0    0    0    0    0    0    0    0    0    0    0    0
    0    0    0    0    0    0    0    0    0    0    0    0    0    0
    0    0    0    0    0    0    0    0    0    0    0    0    0    0
    0    0    0    0    0    0   92    0    0    0  246    0  359    0
    0    0    0    0    0   31    0    0 1159   31   81    0] 1999
actual count: [  0   0   0   0   0   0   0 111   0   0   0   0   0   0   0   0   0   0
   0   0   0   0   0   0   0   0   0   0   0   0   0   0   0   0   0   0
   0   0   0   0   0   0   0   0   0   0   0 132 138   0   0   0 185   0
 278   0   0   0   0   0   0 131   0   0 608 220 196   0] 1999
guess correct: [  0   0   0   0   0   0   0   0   0   0   0   0   0   0   0   0   0   0
   0   0   0   0   0   0   0   0   0   0   0   0   0   0   0   0   0   0
   0   0   0   0   0   0   0   0   0   0   0   0  40   0   0   0 109   0
 191   0   0   0   0   0   0  17   0   0 596   3  54   0] 1010
correct percentage in guess: 50.52526263131566
TP: [  0   0   0   0   0   0   0   0   0   0   0   0   0   0   0   0   0   0
   0   0   0   0   0   0   0   0   0   0   0   0   0   0   0   0   0   0
   0   0   0   0   0   0   0   0   0   0   0   0  40   0   0   0 109   0
 191   0   0   0   0   0   0  17   0   0 596   3  54   0]
TN: [1999 1999 1999 1999 1999 1999 1999 1888 1999 1999 1999 1999 1999 1999
 1999 1999 1999 1999 1999 1999 1999 1999 1999 1999 1999 1999 1999 1999
 1999 1999 1999 1999 1999 1999 1999 1999 1999 1999 1999 1999 1999 1999
 1999 1999 1999 1999 1999 1867 1809 1999 1999 1999 1677 1999 1553 1999
 1999 1999 1999 1999 1999 1854 1999 1999  828 1751 1776 1999]
FP: [  0   0   0   0   0   0   0   0   0   0   0   0   0   0   0   0   0   0
   0   0   0   0   0   0   0   0   0   0   0   0   0   0   0   0   0   0
   0   0   0   0   0   0   0   0   0   0   0   0  52   0   0   0 137   0
 168   0   0   0   0   0   0  14   0   0 563  28  27   0]
FN: [  0   0   0   0   0   0   0 111   0   0   0   0   0   0   0   0   0   0
   0   0   0   0   0   0   0   0   0   0   0   0   0   0   0   0   0   0
   0   0   0   0   0   0   0   0   0   0   0 132  98   0   0   0  76   0
  87   0   0   0   0   0   0 114   0   0  12 217 142   0]


crystal system 5

bandstructure to crystal system result
guess count: [900] 900
actual count: [1045] 1045
guess correct: [858] 858
correct percentage in guess: 95.33333333333334
TP: [858]
TN: None
FP: [42]
FN: [187]

crystal to spacegroup system result
guess count: [  0   0   0   0   0 146   0   0   0   0   0   0   0   0   0   0   0  41
   0   0   0 216   0 642   0] 1045
actual count: [  0   0   0   0   0 279   0   0   0   0   0   0   0   0   0   0   0 106
   0   0   0 217   0 443   0] 1045
guess correct: [  0   0   0   0   0  85   0   0   0   0   0   0   0   0   0   0   0  13
   0   0   0 211   0 389   0] 698
correct percentage in guess: 66.79425837320574
TP: [  0   0   0   0   0  85   0   0   0   0   0   0   0   0   0   0   0  13
   0   0   0 211   0 389   0]
TN: [1045 1045 1045 1045 1045  705 1045 1045 1045 1045 1045 1045 1045 1045
 1045 1045 1045  911 1045 1045 1045  823 1045  349 1045]
FP: [  0   0   0   0   0  61   0   0   0   0   0   0   0   0   0   0   0  28
   0   0   0   5   0 253   0]
FN: [  0   0   0   0   0 194   0   0   0   0   0   0   0   0   0   0   0  93
   0   0   0   6   0  54   0]


crystal system 6

bandstructure to crystal system result
guess count: [1492] 1492
actual count: [1376] 1376
guess correct: [1329] 1329
correct percentage in guess: 89.07506702412869
TP: [1329]
TN: None
FP: [163]
FN: [47]

crystal to spacegroup system result
guess count: [   0    0    0    0    0    0    0    0    0    0    0    0    0    0
    0    0    0    0    0    0    0    0    0    0    0    0 1376] 1376
actual count: [  0   0   0   0   0   0   0   0   0   0   0   0   0   0   0   0   0   0
 110   0   0 293   0 108   0 123 742] 1376
guess correct: [  0   0   0   0   0   0   0   0   0   0   0   0   0   0   0   0   0   0
   0   0   0   0   0   0   0   0 742] 742
correct percentage in guess: 53.92441860465116
TP: [  0   0   0   0   0   0   0   0   0   0   0   0   0   0   0   0   0   0
   0   0   0   0   0   0   0   0 742]
TN: [1376 1376 1376 1376 1376 1376 1376 1376 1376 1376 1376 1376 1376 1376
 1376 1376 1376 1376 1266 1376 1376 1083 1376 1268 1376 1253    0]
FP: [  0   0   0   0   0   0   0   0   0   0   0   0   0   0   0   0   0   0
   0   0   0   0   0   0   0   0 634]
FN: [  0   0   0   0   0   0   0   0   0   0   0   0   0   0   0   0   0   0
 110   0   0 293   0 108   0 123   0]


crystal system 7

bandstructure to crystal system result
guess count: [1568] 1568
actual count: [1582] 1582
guess correct: [1565] 1565
correct percentage in guess: 99.80867346938776
TP: [1565]
TN: None
FP: [3]
FN: [17]

crystal to spacegroup system result
guess count: [  0   0   0   0   0   0   0   0   0   0   0   0   0   0   2   0   0   0
   0   0   0   0   0   0   0   0 421   0   0   0 960   0 199   0   0   0] 1582
actual count: [  0   0   0   0   0   0   0   0   0   0   0   0   0   0   0   0   0   0
   0   0   0   0   0   0   0   0 422   0   0   0 877   0 283   0   0   0] 1582
guess correct: [  0   0   0   0   0   0   0   0   0   0   0   0   0   0   0   0   0   0
   0   0   0   0   0   0   0   0 419   0   0   0 837   0 161   0   0   0] 1417
correct percentage in guess: 89.5701643489254
TP: [  0   0   0   0   0   0   0   0   0   0   0   0   0   0   0   0   0   0
   0   0   0   0   0   0   0   0 419   0   0   0 837   0 161   0   0   0]
TN: [1582 1582 1582 1582 1582 1582 1582 1582 1582 1582 1582 1582 1582 1582
 1580 1582 1582 1582 1582 1582 1582 1582 1582 1582 1582 1582 1158 1582
 1582 1582  582 1582 1261 1582 1582 1582]
FP: [  0   0   0   0   0   0   0   0   0   0   0   0   0   0   2   0   0   0
   0   0   0   0   0   0   0   0   2   0   0   0 123   0  38   0   0   0]
FN: [  0   0   0   0   0   0   0   0   0   0   0   0   0   0   0   0   0   0
   0   0   0   0   0   0   0   0   3   0   0   0  40   0 122   0   0   0]



Process finished with exit code 0
