C:\Users\user\Anaconda3\envs\ml37\python.exe C:/Users/user/PycharmProject/BStoSG/root/main.py
guess count: [   1 1109    0    0    0    0    0    0    0    0    0 1891    0  754
    0    0    0    0    0    0    0    0    0    0    0    0    0    0
    0    0  151    0    0    0    0    0    0    0    0    0    0    0
    0    0    0    0    0    0    0    0    0    0    0    0    0    0
    0    0   56    0    0  910  772    0  123    0    0    0    0    0
    0    0    0  219    0    0    0    0    0    0    0   26    0    0
    0    0    0    0    0    0    0    0    0    0    0    0    0    0
    0    0    0    0    0    0    0    0    0    0    0    0    0    0
    0    0    0    0    0    0    0    0    0   20    4    0    0    0
    6    0  725    0    0    0    0    0    0    0    0    0  713  204
  301    0    0    0    0    0    0   29    0    0    0    0    0    0
    0    0    0    0    0    0    0    0    0  211    0  805    0    0
    0    0    0    0    0    0    0    0    0    0    0    0    0    0
    0    0    0   52    0    0  405    0    9    0  125  785    0    0
    0    0    0    0    0    0    0    0    0    0    0    0    0    0
    0    0    0    0    0    0    0    0    0    0  430    0    0    0
  866    0  286    0    0    0] 11988
actual count: [552 558   0 113 189   0   0 194 110   0 224 923   0 425 467   0   0   0
   0   0   0   0   0   0   0   0   0   0   0   0 108   0   0   0   0 136
   0   0   0   0   0   0   0   0   0   0   0   0   0   0   0   0   0   0
   0   0   0   0 101   0   0 917 633   0 132   0   0   0   0   0   0   0
   0 204   0   0   0   0   0   0   0 111   0   0   0   0   0   0   0   0
   0   0   0   0   0   0   0   0   0   0   0   0   0   0   0   0   0   0
   0   0   0   0   0   0   0   0   0   0   0   0   0 132 138   0   0   0
 185   0 278   0   0   0   0   0   0 131   0   0 608 220 196   0   0   0
   0   0   0 279   0   0   0   0   0   0   0   0   0   0   0 106   0   0
   0 217   0 443   0   0   0   0   0   0   0   0   0   0   0   0   0   0
   0   0   0   0   0 110   0   0 293   0 108   0 123 742   0   0   0   0
   0   0   0   0   0   0   0   0   0   0   0   0   0   0   0   0   0   0
   0   0   0   0 422   0   0   0 877   0 283   0   0   0] 11988
guess correct: [  0 557   0   0   0   0   0   0   0   0   0 920   0 424   0   0   0   0
   0   0   0   0   0   0   0   0   0   0   0   0  91   0   0   0   0   0
   0   0   0   0   0   0   0   0   0   0   0   0   0   0   0   0   0   0
   0   0   0   0  34   0   0 898 626   0 114   0   0   0   0   0   0   0
   0 203   0   0   0   0   0   0   0   9   0   0   0   0   0   0   0   0
   0   0   0   0   0   0   0   0   0   0   0   0   0   0   0   0   0   0
   0   0   0   0   0   0   0   0   0   0   0   0   0  12   1   0   0   0
   1   0 278   0   0   0   0   0   0   0   0   0 589 197 179   0   0   0
   0   0   0  17   0   0   0   0   0   0   0   0   0   0   0   0   0   0
   0 210   0 439   0   0   0   0   0   0   0   0   0   0   0   0   0   0
   0   0   0   0   0  11   0   0 271   0   5   0  87 685   0   0   0   0
   0   0   0   0   0   0   0   0   0   0   0   0   0   0   0   0   0   0
   0   0   0   0 421   0   0   0 852   0 264   0   0   0] 8395
correct percentage in guess: 70.02836169502837
TP: [  0 557   0   0   0   0   0   0   0   0   0 920   0 424   0   0   0   0
   0   0   0   0   0   0   0   0   0   0   0   0  91   0   0   0   0   0
   0   0   0   0   0   0   0   0   0   0   0   0   0   0   0   0   0   0
   0   0   0   0  34   0   0 898 626   0 114   0   0   0   0   0   0   0
   0 203   0   0   0   0   0   0   0   9   0   0   0   0   0   0   0   0
   0   0   0   0   0   0   0   0   0   0   0   0   0   0   0   0   0   0
   0   0   0   0   0   0   0   0   0   0   0   0   0  12   1   0   0   0
   1   0 278   0   0   0   0   0   0   0   0   0 589 197 179   0   0   0
   0   0   0  17   0   0   0   0   0   0   0   0   0   0   0   0   0   0
   0 210   0 439   0   0   0   0   0   0   0   0   0   0   0   0   0   0
   0   0   0   0   0  11   0   0 271   0   5   0  87 685   0   0   0   0
   0   0   0   0   0   0   0   0   0   0   0   0   0   0   0   0   0   0
   0   0   0   0 421   0   0   0 852   0 264   0   0   0]
TN: [11435 10878 11988 11875 11799 11988 11988 11794 11878 11988 11764 10094
 11988 11233 11521 11988 11988 11988 11988 11988 11988 11988 11988 11988
 11988 11988 11988 11988 11988 11988 11820 11988 11988 11988 11988 11852
 11988 11988 11988 11988 11988 11988 11988 11988 11988 11988 11988 11988
 11988 11988 11988 11988 11988 11988 11988 11988 11988 11988 11865 11988
 11988 11059 11209 11988 11847 11988 11988 11988 11988 11988 11988 11988
 11988 11768 11988 11988 11988 11988 11988 11988 11988 11860 11988 11988
 11988 11988 11988 11988 11988 11988 11988 11988 11988 11988 11988 11988
 11988 11988 11988 11988 11988 11988 11988 11988 11988 11988 11988 11988
 11988 11988 11988 11988 11988 11988 11988 11988 11988 11988 11988 11988
 11988 11848 11847 11988 11988 11988 11798 11988 11263 11988 11988 11988
 11988 11988 11988 11857 11988 11988 11256 11761 11670 11988 11988 11988
 11988 11988 11988 11697 11988 11988 11988 11988 11988 11988 11988 11988
 11988 11988 11988 11882 11988 11988 11988 11770 11988 11179 11988 11988
 11988 11988 11988 11988 11988 11988 11988 11988 11988 11988 11988 11988
 11988 11988 11988 11988 11988 11837 11988 11988 11561 11988 11876 11988
 11827 11146 11988 11988 11988 11988 11988 11988 11988 11988 11988 11988
 11988 11988 11988 11988 11988 11988 11988 11988 11988 11988 11988 11988
 11988 11988 11988 11988 11557 11988 11988 11988 11097 11988 11683 11988
 11988 11988]
FP: [  1 552   0   0   0   0   0   0   0   0   0 971   0 330   0   0   0   0
   0   0   0   0   0   0   0   0   0   0   0   0  60   0   0   0   0   0
   0   0   0   0   0   0   0   0   0   0   0   0   0   0   0   0   0   0
   0   0   0   0  22   0   0  12 146   0   9   0   0   0   0   0   0   0
   0  16   0   0   0   0   0   0   0  17   0   0   0   0   0   0   0   0
   0   0   0   0   0   0   0   0   0   0   0   0   0   0   0   0   0   0
   0   0   0   0   0   0   0   0   0   0   0   0   0   8   3   0   0   0
   5   0 447   0   0   0   0   0   0   0   0   0 124   7 122   0   0   0
   0   0   0  12   0   0   0   0   0   0   0   0   0   0   0   0   0   0
   0   1   0 366   0   0   0   0   0   0   0   0   0   0   0   0   0   0
   0   0   0   0   0  41   0   0 134   0   4   0  38 100   0   0   0   0
   0   0   0   0   0   0   0   0   0   0   0   0   0   0   0   0   0   0
   0   0   0   0   9   0   0   0  14   0  22   0   0   0]
FN: [552   1   0 113 189   0   0 194 110   0 224   3   0   1 467   0   0   0
   0   0   0   0   0   0   0   0   0   0   0   0  17   0   0   0   0 136
   0   0   0   0   0   0   0   0   0   0   0   0   0   0   0   0   0   0
   0   0   0   0  67   0   0  19   7   0  18   0   0   0   0   0   0   0
   0   1   0   0   0   0   0   0   0 102   0   0   0   0   0   0   0   0
   0   0   0   0   0   0   0   0   0   0   0   0   0   0   0   0   0   0
   0   0   0   0   0   0   0   0   0   0   0   0   0 120 137   0   0   0
 184   0   0   0   0   0   0   0   0 131   0   0  19  23  17   0   0   0
   0   0   0 262   0   0   0   0   0   0   0   0   0   0   0 106   0   0
   0   7   0   4   0   0   0   0   0   0   0   0   0   0   0   0   0   0
   0   0   0   0   0  99   0   0  22   0 103   0  36  57   0   0   0   0
   0   0   0   0   0   0   0   0   0   0   0   0   0   0   0   0   0   0
   0   0   0   0   1   0   0   0  25   0  19   0   0   0]
crystal system 1

bandstructure to crystal system result
guess count: [1212] 1212
actual count: [1110] 1110
guess correct: [1103] 1103
correct percentage in guess: 91.006600660066
TP: [1103]
TN: None
FP: [109]
FN: [7]

crystal to spacegroup system result
guess count: [   1 1109] 1110
actual count: [552 558] 1110
guess correct: [  0 557] 557
correct percentage in guess: 50.18018018018018
TP: [  0 557]
TN: [557   0]
FP: [  1 552]
FN: [552   1]


crystal system 2

bandstructure to crystal system result
guess count: [2586] 2586
actual count: [2645] 2645
guess correct: [2530] 2530
correct percentage in guess: 97.83449342614075
TP: [2530]
TN: None
FP: [56]
FN: [115]

crystal to spacegroup system result
guess count: [   0    0    0    0    0    0    0    0    0 1891    0  754    0] 2645
actual count: [  0 113 189   0   0 194 110   0 224 923   0 425 467] 2645
guess correct: [  0   0   0   0   0   0   0   0   0 920   0 424   0] 1344
correct percentage in guess: 50.81285444234405
TP: [  0   0   0   0   0   0   0   0   0 920   0 424   0]
TN: [2645 2532 2456 2645 2645 2451 2535 2645 2421  751 2645 1890 2178]
FP: [  0   0   0   0   0   0   0   0   0 971   0 330   0]
FN: [  0 113 189   0   0 194 110   0 224   3   0   1 467]


crystal system 3

bandstructure to crystal system result
guess count: [2218] 2218
actual count: [2231] 2231
guess correct: [2198] 2198
correct percentage in guess: 99.09828674481514
TP: [2198]
TN: None
FP: [20]
FN: [33]

crystal to spacegroup system result
guess count: [  0   0   0   0   0   0   0   0   0   0   0   0   0   0   0 151   0   0
   0   0   0   0   0   0   0   0   0   0   0   0   0   0   0   0   0   0
   0   0   0   0   0   0   0  56   0   0 910 772   0 123   0   0   0   0
   0   0   0   0 219] 2231
actual count: [  0   0   0   0   0   0   0   0   0   0   0   0   0   0   0 108   0   0
   0   0 136   0   0   0   0   0   0   0   0   0   0   0   0   0   0   0
   0   0   0   0   0   0   0 101   0   0 917 633   0 132   0   0   0   0
   0   0   0   0 204] 2231
guess correct: [  0   0   0   0   0   0   0   0   0   0   0   0   0   0   0  91   0   0
   0   0   0   0   0   0   0   0   0   0   0   0   0   0   0   0   0   0
   0   0   0   0   0   0   0  34   0   0 898 626   0 114   0   0   0   0
   0   0   0   0 203] 1966
correct percentage in guess: 88.12191842223218
TP: [  0   0   0   0   0   0   0   0   0   0   0   0   0   0   0  91   0   0
   0   0   0   0   0   0   0   0   0   0   0   0   0   0   0   0   0   0
   0   0   0   0   0   0   0  34   0   0 898 626   0 114   0   0   0   0
   0   0   0   0 203]
TN: [2231 2231 2231 2231 2231 2231 2231 2231 2231 2231 2231 2231 2231 2231
 2231 2063 2231 2231 2231 2231 2095 2231 2231 2231 2231 2231 2231 2231
 2231 2231 2231 2231 2231 2231 2231 2231 2231 2231 2231 2231 2231 2231
 2231 2108 2231 2231 1302 1452 2231 2090 2231 2231 2231 2231 2231 2231
 2231 2231 2011]
FP: [  0   0   0   0   0   0   0   0   0   0   0   0   0   0   0  60   0   0
   0   0   0   0   0   0   0   0   0   0   0   0   0   0   0   0   0   0
   0   0   0   0   0   0   0  22   0   0  12 146   0   9   0   0   0   0
   0   0   0   0  16]
FN: [  0   0   0   0   0   0   0   0   0   0   0   0   0   0   0  17   0   0
   0   0 136   0   0   0   0   0   0   0   0   0   0   0   0   0   0   0
   0   0   0   0   0   0   0  67   0   0  19   7   0  18   0   0   0   0
   0   0   0   0   1]


crystal system 4

bandstructure to crystal system result
guess count: [1996] 1996
actual count: [1999] 1999
guess correct: [1974] 1974
correct percentage in guess: 98.89779559118237
TP: [1974]
TN: None
FP: [22]
FN: [25]

crystal to spacegroup system result
guess count: [  0   0   0   0   0   0   0  26   0   0   0   0   0   0   0   0   0   0
   0   0   0   0   0   0   0   0   0   0   0   0   0   0   0   0   0   0
   0   0   0   0   0   0   0   0   0   0   0  20   4   0   0   0   6   0
 725   0   0   0   0   0   0   0   0   0 713 204 301   0] 1999
actual count: [  0   0   0   0   0   0   0 111   0   0   0   0   0   0   0   0   0   0
   0   0   0   0   0   0   0   0   0   0   0   0   0   0   0   0   0   0
   0   0   0   0   0   0   0   0   0   0   0 132 138   0   0   0 185   0
 278   0   0   0   0   0   0 131   0   0 608 220 196   0] 1999
guess correct: [  0   0   0   0   0   0   0   9   0   0   0   0   0   0   0   0   0   0
   0   0   0   0   0   0   0   0   0   0   0   0   0   0   0   0   0   0
   0   0   0   0   0   0   0   0   0   0   0  12   1   0   0   0   1   0
 278   0   0   0   0   0   0   0   0   0 589 197 179   0] 1266
correct percentage in guess: 63.33166583291645
TP: [  0   0   0   0   0   0   0   9   0   0   0   0   0   0   0   0   0   0
   0   0   0   0   0   0   0   0   0   0   0   0   0   0   0   0   0   0
   0   0   0   0   0   0   0   0   0   0   0  12   1   0   0   0   1   0
 278   0   0   0   0   0   0   0   0   0 589 197 179   0]
TN: [1999 1999 1999 1999 1999 1999 1999 1871 1999 1999 1999 1999 1999 1999
 1999 1999 1999 1999 1999 1999 1999 1999 1999 1999 1999 1999 1999 1999
 1999 1999 1999 1999 1999 1999 1999 1999 1999 1999 1999 1999 1999 1999
 1999 1999 1999 1999 1999 1859 1858 1999 1999 1999 1809 1999 1274 1999
 1999 1999 1999 1999 1999 1868 1999 1999 1267 1772 1681 1999]
FP: [  0   0   0   0   0   0   0  17   0   0   0   0   0   0   0   0   0   0
   0   0   0   0   0   0   0   0   0   0   0   0   0   0   0   0   0   0
   0   0   0   0   0   0   0   0   0   0   0   8   3   0   0   0   5   0
 447   0   0   0   0   0   0   0   0   0 124   7 122   0]
FN: [  0   0   0   0   0   0   0 102   0   0   0   0   0   0   0   0   0   0
   0   0   0   0   0   0   0   0   0   0   0   0   0   0   0   0   0   0
   0   0   0   0   0   0   0   0   0   0   0 120 137   0   0   0 184   0
   0   0   0   0   0   0   0 131   0   0  19  23  17   0]


crystal system 5

bandstructure to crystal system result
guess count: [1296] 1296
actual count: [1045] 1045
guess correct: [1003] 1003
correct percentage in guess: 77.39197530864197
TP: [1003]
TN: None
FP: [293]
FN: [42]

crystal to spacegroup system result
guess count: [  0   0   0   0   0  29   0   0   0   0   0   0   0   0   0   0   0   0
   0   0   0 211   0 805   0] 1045
actual count: [  0   0   0   0   0 279   0   0   0   0   0   0   0   0   0   0   0 106
   0   0   0 217   0 443   0] 1045
guess correct: [  0   0   0   0   0  17   0   0   0   0   0   0   0   0   0   0   0   0
   0   0   0 210   0 439   0] 666
correct percentage in guess: 63.73205741626794
TP: [  0   0   0   0   0  17   0   0   0   0   0   0   0   0   0   0   0   0
   0   0   0 210   0 439   0]
TN: [1045 1045 1045 1045 1045  754 1045 1045 1045 1045 1045 1045 1045 1045
 1045 1045 1045  939 1045 1045 1045  827 1045  236 1045]
FP: [  0   0   0   0   0  12   0   0   0   0   0   0   0   0   0   0   0   0
   0   0   0   1   0 366   0]
FN: [  0   0   0   0   0 262   0   0   0   0   0   0   0   0   0   0   0 106
   0   0   0   7   0   4   0]


crystal system 6

bandstructure to crystal system result
guess count: [1105] 1105
actual count: [1376] 1376
guess correct: [1080] 1080
correct percentage in guess: 97.73755656108597
TP: [1080]
TN: None
FP: [25]
FN: [296]

crystal to spacegroup system result
guess count: [  0   0   0   0   0   0   0   0   0   0   0   0   0   0   0   0   0   0
  52   0   0 405   0   9   0 125 785] 1376
actual count: [  0   0   0   0   0   0   0   0   0   0   0   0   0   0   0   0   0   0
 110   0   0 293   0 108   0 123 742] 1376
guess correct: [  0   0   0   0   0   0   0   0   0   0   0   0   0   0   0   0   0   0
  11   0   0 271   0   5   0  87 685] 1059
correct percentage in guess: 76.96220930232558
TP: [  0   0   0   0   0   0   0   0   0   0   0   0   0   0   0   0   0   0
  11   0   0 271   0   5   0  87 685]
TN: [1376 1376 1376 1376 1376 1376 1376 1376 1376 1376 1376 1376 1376 1376
 1376 1376 1376 1376 1225 1376 1376  949 1376 1264 1376 1215  534]
FP: [  0   0   0   0   0   0   0   0   0   0   0   0   0   0   0   0   0   0
  41   0   0 134   0   4   0  38 100]
FN: [  0   0   0   0   0   0   0   0   0   0   0   0   0   0   0   0   0   0
  99   0   0  22   0 103   0  36  57]


crystal system 7

bandstructure to crystal system result
guess count: [1575] 1575
actual count: [1582] 1582
guess correct: [1565] 1565
correct percentage in guess: 99.36507936507937
TP: [1565]
TN: None
FP: [10]
FN: [17]

crystal to spacegroup system result
guess count: [  0   0   0   0   0   0   0   0   0   0   0   0   0   0   0   0   0   0
   0   0   0   0   0   0   0   0 430   0   0   0 866   0 286   0   0   0] 1582
actual count: [  0   0   0   0   0   0   0   0   0   0   0   0   0   0   0   0   0   0
   0   0   0   0   0   0   0   0 422   0   0   0 877   0 283   0   0   0] 1582
guess correct: [  0   0   0   0   0   0   0   0   0   0   0   0   0   0   0   0   0   0
   0   0   0   0   0   0   0   0 421   0   0   0 852   0 264   0   0   0] 1537
correct percentage in guess: 97.15549936788875
TP: [  0   0   0   0   0   0   0   0   0   0   0   0   0   0   0   0   0   0
   0   0   0   0   0   0   0   0 421   0   0   0 852   0 264   0   0   0]
TN: [1582 1582 1582 1582 1582 1582 1582 1582 1582 1582 1582 1582 1582 1582
 1582 1582 1582 1582 1582 1582 1582 1582 1582 1582 1582 1582 1151 1582
 1582 1582  691 1582 1277 1582 1582 1582]
FP: [ 0  0  0  0  0  0  0  0  0  0  0  0  0  0  0  0  0  0  0  0  0  0  0  0
  0  0  9  0  0  0 14  0 22  0  0  0]
FN: [ 0  0  0  0  0  0  0  0  0  0  0  0  0  0  0  0  0  0  0  0  0  0  0  0
  0  0  1  0  0  0 25  0 19  0  0  0]



Process finished with exit code 0
